Rate: 50 Hz
      Fx,        Fy,        Fz,        Mx,        My,        Mz
       N,         N,         N,       N-m,       N-m,       N-m
 0.00000,  0.00000,  0.00000,  0.29720,  0.37201,  0.22004
 0.00017, -0.00035, -0.36899, -0.00087,  0.81815,  0.18855
 0.00017, -0.00035, -0.36899, -0.00087,  0.81815,  0.15712
-0.00033,  0.00070,  0.73798,  0.00174,  0.59598,  0.22014
 0.00000,  0.00000,  0.00000, -0.29720,  0.74402,  0.18861
-0.00033,  0.00070,  0.73798,  0.29890,  0.67041,  0.25157
 0.00017, -0.00035, -0.36899,  0.07343,  0.44609,  0.15712
 0.00050, -0.00106, -1.10699,  0.14599,  0.51984,  0.21988
-0.00050,  0.00106,  1.10699, -0.07170,  0.59631,  0.12589
 0.00000,  0.00000,  0.00000,  0.00000,  0.59525,  0.18861
 0.00033, -0.00070, -0.73798, -0.37325,  0.74335,  0.06276
 0.00000,  0.00000,  0.00000,  0.22290,  1.11609,  0.09430
 0.00000,  0.00000,  0.00000,  0.14860,  0.74402,  0.18861
-0.00033,  0.00070,  0.73798, -0.14687,  0.89362,  0.18871
-0.00050,  0.00106,  1.10699, -0.07170,  0.81955,  0.12589
 0.00099, -0.00211, -2.21399, -0.07951,  0.22116,  0.09399
-0.00017,  0.00035,  0.36899,  0.00087,  1.04205,  0.22009
-0.00017,  0.00035,  0.36899, -0.37064,  0.89325,  0.25153
 0.00033, -0.00070, -0.73798, -0.15034,  0.44574,  0.15707
 0.00033, -0.00070, -0.73798,  0.29546,  0.52017,  0.12563
 0.00033, -0.00070, -0.73798, -0.37325,  0.29694,  0.18849
-0.00066,  0.00141,  1.47595,  0.00347,  0.74548,  0.18881
-0.00033,  0.00070,  0.73798,  0.07603,  0.89362,  0.18871
-0.00083,  0.00176,  1.84491, -0.14426,  0.67142,  0.12600
 0.00000,  0.00000,  0.00000,  0.22290,  0.37201,  0.09430
 0.00050, -0.00106, -1.10699,  0.14599,  0.59424,  0.12557
 0.00033, -0.00070, -0.73798, -0.22464,  0.52017,  0.09420
 0.00033, -0.00070, -0.73798,  0.07256,  0.81778,  0.12563
 0.00033, -0.00070, -0.73798, -0.07604,  0.52017,  0.12563
-0.00017,  0.00035,  0.36899, -0.14774,  0.22357,  0.09435
-0.00083,  0.00176,  1.84491, -0.06996,  0.89462,  0.12600
-0.00050,  0.00106,  1.10699,  0.07690,  0.29866,  0.12589
 0.00083, -0.00176, -1.84491,  0.06995,  0.51917,  0.12547
 0.00000,  0.00000,  0.00000,  0.22290,  1.11609,  0.18861
 0.00066, -0.00141, -1.47595,  0.07082,  0.81708,  0.25127
-0.00033,  0.00070,  0.73798,  0.07603,  0.81921,  0.09441
 0.00050, -0.00106, -1.10699, -0.00261,  0.51984,  0.18845
 0.00000,  0.00000,  0.00000,  0.29720,  0.89282,  0.00000
-0.00066,  0.00141,  1.47595,  0.44925,  0.67108,  0.28313
 0.00000,  0.00000,  0.00000,  0.14860,  1.33923,  0.12573
 0.00000,  0.00000,  0.00000,  0.07430,  0.89282,  0.06287
-0.00066,  0.00141,  1.47595,  0.22636,  0.74548,  0.25168
 0.00050, -0.00106, -1.10699,  0.22028,  0.44540,  0.21988
 0.00050, -0.00106, -1.10699, -0.07691,  0.59424,  0.06271
 0.00000,  0.00000,  0.00000, -0.07430,  0.89282,  0.25146
-0.00083,  0.00176,  1.84491, -0.06996,  0.29935,  0.18887
 0.00017, -0.00035, -0.36899, -0.00087,  0.52054,  0.21998
 0.00033, -0.00070, -0.73798,  0.29546,  0.52017,  0.09420
 0.00000,  0.00000,  0.00000,  0.00000,  0.00000,  0.00000
 0.00000,  0.00000,  0.00000,  0.00000,  0.00000,  0.00000
 0.00000,  0.00000,  0.00000,  0.00000,  0.00000,  0.00000
 0.00000,  0.00000,  0.00000,  0.00000,  0.00000,  0.00000
 0.00000,  0.00000,  0.00000,  0.00000,  0.00000,  0.00000
 0.00000,  0.00000,  0.00000,  0.00000,  0.00000,  0.00000
 0.00000,  0.00000,  0.00000,  0.00000,  0.00000,  0.00000
 0.00000,  0.00000,  0.00000,  0.00000,  0.00000,  0.00000
 0.00000,  0.00000,  0.00000,  0.00000,  0.00000,  0.00000
 0.00000,  0.00000,  0.00000,  0.00000,  0.00000,  0.00000
 0.00000,  0.00000,  0.00000,  0.00000,  0.00000,  0.00000
 0.00000,  0.00000,  0.00000,  0.00000,  0.00000,  0.00000
 0.00000,  0.00000,  0.00000,  0.00000,  0.00000,  0.00000
 0.00000,  0.00000,  0.00000,  0.00000,  0.00000,  0.00000
 0.00000,  0.00000,  0.00000,  0.00000,  0.00000,  0.00000
 0.00000,  0.00000,  0.00000,  0.00000,  0.00000,  0.00000
 0.00000,  0.00000,  0.00000,  0.00000,  0.00000,  0.00000
 0.00000,  0.00000,  0.00000,  0.00000,  0.00000,  0.00000
 0.00000,  0.00000,  0.00000,  0.00000,  0.00000,  0.00000
 0.00000,  0.00000,  0.00000,  0.00000,  0.00000,  0.00000
 0.00000,  0.00000,  0.00000,  0.00000,  0.00000,  0.00000
 0.00000,  0.00000,  0.00000,  0.00000,  0.00000,  0.00000
 0.00000,  0.00000,  0.00000,  0.00000,  0.00000,  0.00000
 0.00000,  0.00000,  0.00000,  0.00000,  0.00000,  0.00000
 0.00000,  0.00000,  0.00000,  0.00000,  0.00000,  0.00000
 0.00000,  0.00000,  0.00000,  0.00000,  0.00000,  0.00000
 0.00000,  0.00000,  0.00000,  0.00000,  0.00000,  0.00000
 0.00000,  0.00000,  0.00000,  0.00000,  0.00000,  0.00000
 0.00000,  0.00000,  0.00000,  0.00000,  0.00000,  0.00000
 0.00000,  0.00000,  0.00000,  0.00000,  0.00000,  0.00000
 0.00000,  0.00000,  0.00000,  0.00000,  0.00000,  0.00000
 0.00000,  0.00000,  0.00000,  0.00000,  0.00000,  0.00000
 0.00000,  0.00000,  0.00000,  0.00000,  0.00000,  0.00000
 0.00000,  0.00000,  0.00000,  0.00000,  0.00000,  0.00000
 0.00000,  0.00000,  0.00000,  0.00000,  0.00000,  0.00000
 0.00000,  0.00000,  0.00000,  0.00000,  0.00000,  0.00000
 0.00000,  0.00000,  0.00000,  0.00000,  0.00000,  0.00000
 0.00000,  0.00000,  0.00000,  0.00000,  0.00000,  0.00000
 0.00000,  0.00000,  0.00000,  0.00000,  0.00000,  0.00000
 0.00000,  0.00000,  0.00000,  0.00000,  0.00000,  0.00000
 0.00000,  0.00000,  0.00000,  0.00000,  0.00000,  0.00000
 0.00000,  0.00000,  0.00000,  0.00000,  0.00000,  0.00000
 0.00000,  0.00000,  0.00000,  0.00000,  0.00000,  0.00000
 0.00000,  0.00000,  0.00000,  0.00000,  0.00000,  0.00000
 0.00000,  0.00000,  0.00000,  0.00000,  0.00000,  0.00000
 0.00000,  0.00000,  0.00000,  0.00000,  0.00000,  0.00000
 0.00000,  0.00000,  0.00000,  0.00000,  0.00000,  0.00000
 0.00000,  0.00000,  0.00000,  0.00000,  0.00000,  0.00000
 0.00000,  0.00000,  0.00000,  0.00000,  0.00000,  0.00000
 0.00000,  0.00000,  0.00000,  0.00000,  0.00000,  0.00000
 0.00000,  0.00000,  0.00000,  0.00000,  0.00000,  0.00000
 0.00000,  0.00000,  0.00000,  0.00000,  0.00000,  0.00000
 0.00000,  0.00000,  0.00000,  0.00000,  0.00000,  0.00000
 0.00000,  0.00000,  0.00000,  0.00000,  0.00000,  0.00000
 0.00000,  0.00000,  0.00000,  0.00000,  0.00000,  0.00000
 0.00000,  0.00000,  0.00000,  0.00000,  0.00000,  0.00000
 0.00000,  0.00000,  0.00000,  0.00000,  0.00000,  0.00000
 0.00000,  0.00000,  0.00000,  0.00000,  0.00000,  0.00000
 0.00000,  0.00000,  0.00000,  0.00000,  0.00000,  0.00000
 0.00000,  0.00000,  0.00000,  0.00000,  0.00000,  0.00000
 0.00000,  0.00000,  0.00000,  0.00000,  0.00000,  0.00000
-0.00017,  0.00035,  0.36899,  0.59525,  0.74445,  0.03149
 0.00000,  0.00000,  0.00000,  0.29720,  0.37201,  0.09430
 0.00000,  0.00000,  0.00000,  0.22290,  0.22321,  0.03143
 0.00050, -0.00106, -1.10699, -0.22551,  0.66864, -0.06303
 0.00050, -0.00106, -1.10699,  0.22028,  0.29662,  0.06271
 0.00017, -0.00035, -0.36899, -0.14947,  0.22287, -0.03149
 0.00017, -0.00035, -0.36899, -0.00087, -0.07475,  0.09425
 0.00033, -0.00070, -0.73798, -0.00174,  0.37134, -0.09441
-0.00017,  0.00035,  0.36899, -0.14774,  0.29799, -0.03138
 0.00017, -0.00035, -0.36899, -0.44670, -0.00034, -0.00005
 0.00050, -0.00106, -1.10699,  0.14599,  0.66864,  0.03128
 0.00033, -0.00070, -0.73798, -0.00174,  0.44574, -0.00010
-0.00017,  0.00035,  0.36899, -0.29634,  0.22357, -0.15713
-0.00017,  0.00035,  0.36899,  0.00087, -0.14845, -0.15713
-0.00033,  0.00070,  0.73798, -0.14687,  0.37274,  0.03154
 0.00000,  0.00000,  0.00000, -0.14860,  0.37201,  0.06287
 0.00050, -0.00106, -1.10699, -0.00261,  0.37100,  0.03128
-0.00017,  0.00035,  0.36899,  0.22375,  0.67004, -0.09425
 0.00000,  0.00000,  0.00000, -0.07430,  0.37201,  0.09430
-0.00017,  0.00035,  0.36899, -0.37064,  0.59561, -0.03138
 0.00000,  0.00000,  0.00000, -0.29720,  0.37201,  0.03143
 0.00033, -0.00070, -0.73798, -0.37325,  0.29694, -0.00010
 0.00050, -0.00106, -1.10699,  0.29457,  0.66864,  0.03128
 0.00017, -0.00035, -0.36899, -0.29808,  0.29729, -0.15723
-0.00083,  0.00176,  1.84491,  0.15292,  0.29935, -0.03117
-0.00083,  0.00176,  1.84491, -0.06996,  0.67142,  0.06313
-0.00017,  0.00035,  0.36899, -0.07344,  0.67004, -0.03138
-0.00033,  0.00070,  0.73798, -0.22118,  0.29834,  0.12584
 0.00000,  0.00000,  0.00000, -0.29720,  0.89282, -0.06287
-0.00033,  0.00070,  0.73798, -0.22118,  0.67041, -0.06276
 0.00017, -0.00035, -0.36899, -0.37238,  0.52054, -0.03149
-0.00033,  0.00070,  0.73798, -0.29549,  0.29834, -0.03133
-0.00099,  0.00211,  2.21399,  0.07950,  0.67175, -0.06255
-0.00017,  0.00035,  0.36899, -0.29634,  0.74445,  0.03149
-0.00033,  0.00070,  0.73798, -0.29549,  0.89362,  0.00010
 0.00033, -0.00070, -0.73798, -0.22464,  0.44574,  0.21992
 0.00000,  0.00000,  0.00000,  0.07430,  0.37201, -0.06287
 0.00017, -0.00035, -0.36899,  0.29631,  0.29729, -0.03149
 0.00066, -0.00141, -1.47595, -0.22638,  0.74268, -0.03164
-0.00066,  0.00141,  1.47595, -0.36804,  0.59668,  0.00021
 0.00033, -0.00070, -0.73798,  0.07256,  0.52017, -0.06297
 0.00017, -0.00035, -0.36899, -0.22378,  0.66931, -0.03149
-0.00033,  0.00070,  0.73798, -0.22118,  0.74478,  0.06297
-0.00050,  0.00106,  1.10699, -0.07170,  0.44748,  0.03159
-0.00033,  0.00070,  0.73798, -0.07257,  0.89362,  0.00010
 0.00000,  0.00000,  0.00000, -0.29720,  0.44641,  0.00000
 0.00017, -0.00035, -0.36899, -0.07517,  0.44609, -0.03149
 0.00033, -0.00070, -0.73798, -0.00174,  0.89218, -0.00010
 0.00050, -0.00106, -1.10699,  0.14599,  0.66864, -0.06303
-0.00083,  0.00176,  1.84491, -0.36716,  0.29935, -0.09404
-0.00066,  0.00141,  1.47595,  0.00347,  0.52225, -0.03123
 0.00033, -0.00070, -0.73798, -0.44756,  0.29694, -0.12585
 0.00000,  0.00000,  0.00000,  0.07430,  0.44641, -0.12573
 0.00000,  0.00000,  0.00000, -0.52008,  0.37201, -0.09430
-0.00033,  0.00070,  0.73798, -0.29549,  0.67041,  0.03154
-0.00099,  0.00211,  2.21399,  0.00521,  0.37410,  0.00031
 0.00033, -0.00070, -0.73798, -0.29893,  0.66898,  0.03133
 0.00000,  0.00000,  0.00000,  0.07430,  0.81845,  0.00000
 0.00066, -0.00141, -1.47595, -0.00347,  0.44505, -0.06308
 0.00017, -0.00035, -0.36899, -0.37238,  0.66931, -0.00005
-0.00017,  0.00035,  0.36899, -0.29634,  0.59561, -0.03138
 0.00000,  0.00000,  0.00000, -0.29720,  0.29762, -0.06287
 0.00083, -0.00176, -1.84491, -0.22725,  0.37032, -0.00026
-0.00050,  0.00106,  1.10699,  0.00261,  0.59631,  0.00016
 0.00033, -0.00070, -0.73798, -0.52185,  0.44574, -0.12585
-0.00066,  0.00141,  1.47595, -0.29375,  0.67108, -0.15697
 0.00000,  0.00000,  0.00000, -0.22290,  0.66962, -0.06287
 0.00017, -0.00035, -0.36899, -0.22378,  0.29729, -0.06292
-0.00083,  0.00176,  1.84491, -0.06996,  0.22495,  0.06313
-0.00050,  0.00106,  1.10699,  0.00261,  0.29866, -0.03128
-0.00017,  0.00035,  0.36899, -0.22205,  0.81885, -0.12569
-0.00033,  0.00070,  0.73798, -0.22118,  0.14951, -0.09420
 0.00033, -0.00070, -0.73798, -0.29893,  0.14812,  0.03133
-0.00017,  0.00035,  0.36899,  0.07516,  0.89325, -0.03138
 0.00000,  0.00000,  0.00000, -0.22290,  0.74402,  0.00000
-0.00017,  0.00035,  0.36899,  0.00087,  0.67004, -0.03138
 0.00050, -0.00106, -1.10699, -0.37411,  0.44540,  0.06271
 0.00017, -0.00035, -0.36899, -0.22378,  0.22287,  0.06282
 0.00066, -0.00141, -1.47595, -0.15208,  0.22184,  0.06266
 0.00050, -0.00106, -1.10699, -0.52271,  0.51984, -0.06303
 0.00033, -0.00070, -0.73798, -0.15034,  0.44574,  0.12563
 0.00033, -0.00070, -0.73798, -0.44756,  0.37134, -0.03154
 0.00331, -0.00704, -7.37964, -0.38889, -0.00689,  0.12469
 0.01630,  0.00256,  3.32190, -0.07157,  0.82715, -0.18537
 0.00050, -0.00106, -1.10699, -0.29982,  1.33826, -0.25163
 0.00165, -0.00352, -3.68982, -0.00868,  0.66623, -0.06339
 0.00165, -0.00352, -3.68982, -0.08298,  1.33588, -0.12626
-0.00099,  0.00211,  2.21399, -0.06909,  1.11823, -0.21973
 0.00182, -0.00387, -4.05884, -0.52966,  0.66586,  0.15659
 0.00083, -0.00176, -1.84491, -0.15295,  0.89114,  0.03117
 0.00000,  0.00000,  0.00000,  0.22290,  0.81845, -0.06287
 0.00017, -0.00035, -0.36899, -0.44670,  1.26453, -0.25153
 0.00033, -0.00070, -0.73798, -0.29893,  0.66898, -0.12585
-0.00017,  0.00035,  0.36899, -0.07344,  0.29799,  0.00005
 0.00033, -0.00070, -0.73798, -0.37325,  0.89218, -0.06297
 0.00083, -0.00176, -1.84491, -0.15295,  0.51917, -0.15743
 0.00017, -0.00035, -0.36899, -0.44670,  0.66931, -0.12579
-0.00033,  0.00070,  0.73798, -0.29549,  0.74478, -0.15707
 0.00132, -0.00282, -2.95190, -0.15556,  1.26215, -0.00042
-0.00050,  0.00106,  1.10699, -0.29460,  0.81955, -0.15702
 0.00050, -0.00106, -1.10699, -0.22551,  0.44540, -0.15733
 0.00116, -0.00246, -2.58289,  0.29109,  0.89047, -0.12610
 0.00050, -0.00106, -1.10699, -0.22551,  0.81744, -0.03159
 0.00083, -0.00176, -1.84491, -0.45016,  1.18878, -0.06313
 0.00017, -0.00035, -0.36899, -0.22378,  0.81815, -0.06292
 0.00033, -0.00070, -0.73798, -0.15034,  0.74335,  0.03133
 0.00050, -0.00106, -1.10699, -0.07691,  0.74304, -0.06303
 0.00033, -0.00070, -0.73798, -0.37325,  1.11548, -0.15728
 0.00066, -0.00141, -1.47595, -0.07778,  0.81708, -0.06308
 0.00066, -0.00141, -1.47595, -0.15208,  0.81708, -0.06308
 0.00017, -0.00035, -0.36899, -0.00087,  0.66931, -0.12579
 0.00099, -0.00211, -2.21399, -0.15382,  0.51883, -0.18892
 0.00033, -0.00070, -0.73798, -0.07604,  1.11548, -0.00010
 0.00066, -0.00141, -1.47595, -0.30067,  1.04034, -0.09452
 0.00033, -0.00070, -0.73798, -0.52185,  0.81778, -0.06297
 0.00017, -0.00035, -0.36899, -0.07517,  0.89255, -0.06292
 0.00017, -0.00035, -0.36899, -0.22378,  0.66931, -0.03149
 0.00083, -0.00176, -1.84491, -0.07864,  0.81677, -0.06313
 0.00083, -0.00176, -1.84491, -0.15295,  1.11444,  0.06261
 0.00050, -0.00106, -1.10699, -0.37411,  0.44540, -0.12589
 0.00017, -0.00035, -0.36899, -0.29808,  0.89255, -0.18866
 0.00000,  0.00000,  0.00000, -0.07430,  0.96725, -0.03143
-0.00033,  0.00070,  0.73798, -0.14687,  0.96802,  0.00010
 0.00083, -0.00176, -1.84491, -0.22725,  1.18878, -0.22031
 0.00066, -0.00141, -1.47595, -0.00347,  0.74268, -0.15738
 0.00116, -0.00246, -2.58289, -0.60049,  1.56012, -0.09467
 0.00066, -0.00141, -1.47595,  0.14512,  0.66827, -0.15738
 0.00017, -0.00035, -0.36899, -0.14947,  0.96698, -0.18866
 0.00033, -0.00070, -0.73798, -0.00174,  1.18988, -0.06297
-0.00050,  0.00106,  1.10699,  0.07690,  1.04279, -0.12558
 0.00083, -0.00176, -1.84491, -0.07864,  0.51917, -0.09457
 0.00083, -0.00176, -1.84491, -0.30156,  0.51917,  0.09404
 0.00017, -0.00035, -0.36899, -0.07517,  0.66931,  0.03138
 0.00000,  0.00000,  0.00000,  0.00000,  0.89282, -0.12573
 0.00033, -0.00070, -0.73798, -0.00174,  0.44574, -0.12585
 0.00050, -0.00106, -1.10699, -0.07691,  0.51984, -0.03159
 0.00033, -0.00070, -0.73798, -0.22464,  0.81778, -0.09441
 0.00000,  0.00000,  0.00000, -0.07430,  0.89282,  0.06287
-0.00050,  0.00106,  1.10699, -0.14600,  0.52188,  0.06302
 0.00033, -0.00070, -0.73798, -0.00174,  0.74335, -0.12585
 0.00968,  0.00570,  2.58386, -0.36787,  0.52237,  0.03613
 0.00066, -0.00141, -1.47595, -0.59787,  0.59387,  0.06266
-0.00017,  0.00035,  0.36899, -0.22205,  0.89325,  0.06292
-0.00017,  0.00035,  0.36899, -0.07344,  0.59561, -0.09425
 0.00017, -0.00035, -0.36899, -0.37238,  0.81815, -0.00005
-0.00066,  0.00141,  1.47595,  0.15205,  0.44785, -0.18840
 0.00066, -0.00141, -1.47595, -0.37497,  0.81708, -0.03164
 0.00017, -0.00035, -0.36899, -0.44670,  0.96698, -0.15723
 0.00000,  0.00000,  0.00000, -0.07430,  0.74402,  0.03143
 0.00017, -0.00035, -0.36899, -0.14947,  0.81815, -0.15723
 0.00050, -0.00106, -1.10699,  0.07169,  0.66864, -0.00016
-0.00033,  0.00070,  0.73798, -0.14687,  0.89362, -0.06276
 0.00017, -0.00035, -0.36899, -0.74390,  0.37167, -0.00005
-0.00033,  0.00070,  0.73798, -0.22118,  0.52155,  0.00010
-0.00017,  0.00035,  0.36899,  0.00087,  0.67004, -0.03138
-0.00017,  0.00035,  0.36899, -0.07344,  0.74445, -0.03138
 0.00017, -0.00035, -0.36899, -0.44670,  0.81815, -0.18866
 0.00033, -0.00070, -0.73798, -0.15034,  0.89218, -0.09441
 0.00050, -0.00106, -1.10699, -0.37411,  0.81744, -0.06303
 0.00017, -0.00035, -0.36899, -0.44670,  0.81815,  0.12568
 0.00050, -0.00106, -1.10699, -0.29982,  0.59424, -0.25163
 0.00000,  0.00000,  0.00000, -0.29720,  0.89282,  0.09430
 0.00066, -0.00141, -1.47595, -0.15208,  1.04034, -0.06308
 0.00099, -0.00211, -2.21399, -0.45102,  0.74200, -0.06318
 0.00066, -0.00141, -1.47595,  0.07082,  0.51950, -0.00021
-0.00066,  0.00141,  1.47595, -0.29375,  0.74548, -0.12553
 0.01932,  0.01873, 25.46582,  0.49838,  1.88544, -0.18832
-0.02619,  0.11932, 126.56250,  0.14922,  2.72693, -0.32837
-0.09779,  0.23872, 250.17969,  0.29146,  1.79712,  0.95734
-0.21825,  0.29964, 321.68750,  0.83191, -1.56238, -0.92444
-0.19390,  0.30949, 324.28125,  0.46581, -0.51779,  1.13745
-0.40041,  0.43881, 476.89063,  0.77631, -3.65161,  1.41162
-0.48802,  0.59000, 633.37500,  1.37592, -1.87439,  4.75122
-0.61642,  0.74338, 788.40625,  1.73389, -1.16180,  8.45996
-0.64447,  0.61224, 934.12500,  2.02356,  2.77808, 12.51270
-0.43816, -0.23125, 1058.25000,  2.52051,  9.15381, 15.86377
-0.23779, -0.68692, 1148.43750,  2.76111, 13.91992, 15.39648
-0.23222, -0.66931, 1187.56250,  2.70447, 14.92285, 11.73633
-0.29100, -0.68781, 1149.93750,  2.46790, 12.80322,  6.82690
-0.25505, -0.20647, 1056.06250,  2.21667, 13.99658,  4.79297
-0.45461,  0.76077, 806.93750,  1.62921,  7.49658,  3.82141
-0.29622,  0.52161, 560.00000,  1.49701,  4.31006,  2.47131
-0.15567,  0.31134, 330.21875,  0.47990,  1.79504,  3.48621
-0.09550,  0.11831, 123.95703,  0.21745, -1.22498, -0.91663
-0.06454,  0.03101, 31.32422, -0.13371, -1.82959, -2.91125
-0.01718,  0.01031,  6.62842, -0.42188, -0.58835,  0.12572
-0.00099,  0.00211,  2.21399, -0.44061, -0.74191,  0.34607
-0.01212,  0.00753,  4.41895, -0.35571, -0.44368,  0.31302
-0.01122,  0.00737,  3.30994, -0.43335, -0.44257,  0.25044
-0.01996,  0.00739,  4.77686, -0.42183, -0.81345,  0.21997
-0.09743,  0.04232, 42.74219, -0.02698, -3.08374,  4.40796
-0.45657,  0.17973, 179.41406,  0.47386, -16.05176,  3.56628
-0.85440,  0.32608, 358.48438,  1.21472, -28.42578,  3.82153
-1.29517,  0.49060, 568.15625,  1.63403, -41.75195, -2.73242
-1.56757,  0.61093, 698.28125,  2.11804, -50.45508, -8.66797
-1.98535,  0.75443, 862.31250,  2.55981, -65.85938, -17.20703
-2.11914,  0.70288, 911.21875,  2.65747, -71.59766, -21.92969
-2.10828,  0.44206, 984.62500,  2.75793, -68.58984, -22.63574
-2.17261,  0.23875, 1036.87500,  2.46558, -70.46094, -30.42578
-2.02588,  0.48941, 988.75000,  2.76758, -62.63086, -31.93066
-1.82990,  0.66840, 952.06250,  2.79626, -51.04492, -32.04688
-1.64178,  0.73560, 926.40625,  2.71582, -42.70703, -31.07715
-1.56628,  0.79343, 895.53125,  2.91785, -40.68750, -32.79688
-1.56793,  0.76434, 851.56250,  2.26807, -41.91602, -35.89453
-1.63562,  0.75937, 845.96875,  2.32605, -46.38281, -38.96094
-1.73065,  0.74866, 844.75000,  2.47192, -51.81250, -41.31445
-1.82794,  0.73691, 831.40625,  1.83820, -57.99609, -43.80859
-1.83276,  0.70349, 804.06250,  2.65894, -60.02930, -45.22656
-1.77148,  0.65677, 750.53125,  2.32849, -59.25586, -44.75000
-1.65710,  0.59467, 688.56250,  2.48975, -56.40625, -41.43945
-1.53052,  0.54660, 632.93750,  2.14636, -51.95508, -35.83398
-1.31915,  0.47565, 550.75000,  1.94202, -44.36328, -30.40820
-1.07233,  0.38115, 441.31250,  1.57086, -36.27930, -24.63281
-0.79077,  0.30022, 317.92188,  0.88071, -27.13574, -18.56250
-0.53021,  0.20778, 207.41406,  0.49690, -18.62988, -12.73633
-0.31779,  0.12319, 121.57031,  0.19935, -11.42041, -7.13062
-0.17893,  0.06828, 68.14844,  0.23621, -6.48462, -3.19861
-0.09583,  0.03360, 33.14258,  0.04089, -3.54016, -0.76361
-0.02438,  0.00667,  4.77026, -0.34694, -1.03864,  0.18857
-0.02164,  0.00503,  5.51563,  0.02130, -0.81204,  0.21562
-0.02004,  0.00260,  3.29663,  0.01873, -0.89166,  0.03187
-0.01486,  0.00964,  5.89258, -0.42459, -0.51752,  0.28128
-0.01175,  0.01219,  4.78711, -0.72888, -0.44272,  0.22021
-0.01550,  0.00811,  4.78345, -0.42618, -0.59116,  0.06364
-0.01436,  0.00672,  4.41650, -0.28098, -0.51572,  0.25067
-0.01072,  0.00747,  5.89526, -0.20542, -0.29195,  0.15365
-0.01136,  0.00919,  7.00171, -0.27620, -0.29089,  0.15507
-0.01540,  0.00518,  3.67712, -0.20762, -0.59064,  0.21978
-0.02389,  0.00672,  5.88501, -0.12532, -0.88593,  0.24890
-0.01391,  0.00760,  5.89258, -0.20176, -0.44081,  0.21651
-0.01844,  0.00252,  3.30017,  0.01699, -0.81680,  0.09344
-0.02214,  0.00643,  5.51831, -0.12674, -0.81189,  0.21790
-0.01829,  0.00441,  2.92932, -0.27769, -0.81647,  0.18811
-0.01887,  0.00448,  5.88940,  0.16851, -0.66226,  0.21517
-0.00891,  0.00540,  5.16040, -0.05957, -0.21832,  0.36320
-0.00938,  0.00721,  6.26709, -0.13052, -0.21735,  0.18458
-0.02034,  0.00671,  6.25757, -0.05234, -0.73782,  0.24668
-0.01458,  0.00462,  3.30688, -0.20654, -0.59113,  0.28256
-0.02373,  0.00577,  6.25220,  0.02413, -0.88568,  0.24627
-0.01202,  0.00860,  4.78882, -0.42889, -0.44331,  0.15710
-0.01669,  0.00630,  5.15332, -0.13021, -0.59003,  0.31036
-0.01958,  0.00678,  4.78125, -0.27728, -0.73785,  0.15720
-0.01451,  0.00574,  4.04834, -0.20638, -0.51627,  0.28200
-0.01432,  0.00645,  3.30554, -0.42984, -0.59088,  0.21931
-0.01145,  0.00916,  5.52710, -0.42915, -0.36879,  0.12494
-0.01568,  0.00828,  5.89038, -0.27588, -0.51520,  0.34320
-0.01457,  0.00554,  5.52563,  0.01915, -0.51575,  0.24416
-0.02074,  0.00491,  4.77832, -0.05187, -0.81335,  0.21723
-0.02195,  0.00480,  4.77588, -0.05181, -0.88812,  0.34154
-0.01417,  0.00474,  4.78687,  0.01660, -0.51627,  0.24494
-0.01274,  0.00523,  4.04907, -0.13406, -0.44240,  0.15578
-0.01885, -0.00005,  4.03857,  0.38863, -0.73895,  0.24912
-0.02267,  0.00767,  4.77222, -0.49585, -0.96213,  0.21978
-0.01534,  0.00706,  5.89233, -0.12772, -0.51520,  0.33904
-0.01654,  0.00590,  4.78467, -0.12961, -0.59015,  0.37297
-0.01503,  0.00737,  4.04419, -0.42905, -0.59033,  0.18855
-0.02230,  0.00703,  6.62451, -0.04850, -0.81171,  0.30836
-0.01558,  0.00678,  6.26245, -0.05237, -0.51498,  0.30542
-0.01110,  0.00499,  4.41992, -0.05875, -0.36789,  0.18388
-0.01605,  0.00439,  4.04614, -0.05843, -0.59055,  0.37187
-0.01387,  0.00339,  3.67773,  0.01420, -0.51663,  0.03100
-0.01890,  0.00783,  5.52075, -0.27695, -0.66370,  0.31325
-0.00640,  0.00899,  4.79321, -0.43164, -0.14634,  0.21933
-0.01918,  0.00597,  4.03833, -0.35100, -0.81479,  0.15717
-0.01739,  0.00564,  3.67090, -0.35280, -0.74033,  0.34497
-0.01812,  0.00713,  4.40918, -0.42705, -0.73907,  0.37628
-0.01858,  0.00662,  5.52100, -0.12893, -0.66388,  0.27931
-0.01500,  0.00347,  4.78540,  0.16460, -0.51511,  0.39949
-0.01654,  0.00590,  4.78467, -0.12961, -0.59015,  0.18666
-0.02358,  0.00641,  5.14307, -0.19795, -0.96213,  0.12587
-0.01629,  0.00591,  5.89307,  0.02043, -0.58975,  0.21415
-0.02240,  0.00713,  5.51929, -0.20058, -0.81192,  0.31273
-0.02068,  0.00719,  5.52002, -0.20067, -0.73788,  0.31242
-0.01709,  0.00750,  6.26025, -0.12640, -0.58954,  0.21632
-0.01629,  0.00509,  4.04761, -0.13233, -0.59042,  0.18742
-0.02221,  0.00656,  6.25537, -0.04992, -0.81186,  0.27791
-0.01781,  0.00441,  4.78125,  0.01846, -0.66425,  0.27675
-0.01643,  0.00706,  4.78442, -0.27769, -0.58969,  0.21951
-0.01466,  0.00555,  4.41675, -0.13275, -0.51627,  0.15569
-0.01940,  0.00865,  6.25757, -0.27455, -0.66354,  0.43774
-0.01627,  0.00392,  4.78345,  0.09254, -0.59076,  0.12307
-0.01413,  0.00199,  3.67688,  0.16274, -0.51593,  0.15447
-0.01295,  0.00511,  5.15771,  0.01788, -0.44156,  0.09134
-0.01847,  0.00618,  5.15186, -0.12817, -0.66403,  0.24873
-0.02016,  0.00649,  6.62695,  0.02298, -0.73758,  0.30640
-0.01569,  0.00485,  3.30396, -0.28046, -0.66672,  0.28246
-0.01805,  0.00790,  5.15137, -0.35028, -0.66309,  0.15716
-0.01661,  0.00853,  5.52173, -0.35144, -0.58923,  0.18826
-0.02494,  0.00505,  5.14111, -0.05002, -1.03705,  0.12458
-0.01550,  0.00811,  4.78345, -0.42618, -0.59116,  0.31348
-0.02393,  0.00417,  4.40186, -0.05089, -1.03894,  0.21807
 0.00000,  0.00000,  0.00000,  0.00000,  0.00000,  0.00000
 0.00000,  0.00000,  0.00000,  0.00000,  0.00000,  0.00000
 0.00000,  0.00000,  0.00000,  0.00000,  0.00000,  0.00000
 0.00000,  0.00000,  0.00000,  0.00000,  0.00000,  0.00000
 0.00000,  0.00000,  0.00000,  0.00000,  0.00000,  0.00000
 0.00000,  0.00000,  0.00000,  0.00000,  0.00000,  0.00000
 0.00000,  0.00000,  0.00000,  0.00000,  0.00000,  0.00000
 0.00000,  0.00000,  0.00000,  0.00000,  0.00000,  0.00000
 0.00000,  0.00000,  0.00000,  0.00000,  0.00000,  0.00000
 0.00000,  0.00000,  0.00000,  0.00000,  0.00000,  0.00000
 0.00000,  0.00000,  0.00000,  0.00000,  0.00000,  0.00000
 0.00000,  0.00000,  0.00000,  0.00000,  0.00000,  0.00000
 0.00000,  0.00000,  0.00000,  0.00000,  0.00000,  0.00000
 0.00000,  0.00000,  0.00000,  0.00000,  0.00000,  0.00000
 0.00000,  0.00000,  0.00000,  0.00000,  0.00000,  0.00000
 0.00000,  0.00000,  0.00000,  0.00000,  0.00000,  0.00000
 0.00000,  0.00000,  0.00000,  0.00000,  0.00000,  0.00000
 0.00000,  0.00000,  0.00000,  0.00000,  0.00000,  0.00000
 0.00000,  0.00000,  0.00000,  0.00000,  0.00000,  0.00000
 0.00000,  0.00000,  0.00000,  0.00000,  0.00000,  0.00000
 0.00000,  0.00000,  0.00000,  0.00000,  0.00000,  0.00000
 0.00000,  0.00000,  0.00000,  0.00000,  0.00000,  0.00000
 0.00000,  0.00000,  0.00000,  0.00000,  0.00000,  0.00000
 0.00000,  0.00000,  0.00000,  0.00000,  0.00000,  0.00000
 0.00000,  0.00000,  0.00000,  0.00000,  0.00000,  0.00000
 0.00000,  0.00000,  0.00000,  0.00000,  0.00000,  0.00000
 0.00000,  0.00000,  0.00000,  0.00000,  0.00000,  0.00000
 0.00000,  0.00000,  0.00000,  0.00000,  0.00000,  0.00000
 0.00000,  0.00000,  0.00000,  0.00000,  0.00000,  0.00000
 0.00000,  0.00000,  0.00000,  0.00000,  0.00000,  0.00000
 0.00000,  0.00000,  0.00000,  0.00000,  0.00000,  0.00000
 0.00000,  0.00000,  0.00000,  0.00000,  0.00000,  0.00000
 0.00000,  0.00000,  0.00000,  0.00000,  0.00000,  0.00000
 0.00000,  0.00000,  0.00000,  0.00000,  0.00000,  0.00000
 0.00000,  0.00000,  0.00000,  0.00000,  0.00000,  0.00000
 0.00000,  0.00000,  0.00000,  0.00000,  0.00000,  0.00000
 0.00000,  0.00000,  0.00000,  0.00000,  0.00000,  0.00000
 0.00000,  0.00000,  0.00000,  0.00000,  0.00000,  0.00000
 0.00000,  0.00000,  0.00000,  0.00000,  0.00000,  0.00000
 0.00000,  0.00000,  0.00000,  0.00000,  0.00000,  0.00000
 0.00000,  0.00000,  0.00000,  0.00000,  0.00000,  0.00000
 0.00000,  0.00000,  0.00000,  0.00000,  0.00000,  0.00000
 0.00000,  0.00000,  0.00000,  0.00000,  0.00000,  0.00000
 0.00000,  0.00000,  0.00000,  0.00000,  0.00000,  0.00000
 0.00000,  0.00000,  0.00000,  0.00000,  0.00000,  0.00000
 0.00000,  0.00000,  0.00000,  0.00000,  0.00000,  0.00000
 0.00000,  0.00000,  0.00000,  0.00000,  0.00000,  0.00000
 0.00000,  0.00000,  0.00000,  0.00000,  0.00000,  0.00000
 0.00000,  0.00000,  0.00000,  0.00000,  0.00000,  0.00000
 0.00000,  0.00000,  0.00000,  0.00000,  0.00000,  0.00000
 0.00000,  0.00000,  0.00000,  0.00000,  0.00000,  0.00000
 0.00000,  0.00000,  0.00000,  0.00000,  0.00000,  0.00000
 0.00000,  0.00000,  0.00000,  0.00000,  0.00000,  0.00000
 0.00000,  0.00000,  0.00000,  0.00000,  0.00000,  0.00000
 0.00000,  0.00000,  0.00000,  0.00000,  0.00000,  0.00000
 0.00000,  0.00000,  0.00000,  0.00000,  0.00000,  0.00000
 0.00000,  0.00000,  0.00000,  0.00000,  0.00000,  0.00000
 0.00000,  0.00000,  0.00000,  0.00000,  0.00000,  0.00000
 0.00000,  0.00000,  0.00000,  0.00000,  0.00000,  0.00000
 0.00000,  0.00000,  0.00000,  0.00000,  0.00000,  0.00000
 0.00000,  0.00000,  0.00000,  0.00000,  0.00000,  0.00000
 0.00000,  0.00000,  0.00000,  0.00000,  0.00000,  0.00000
 0.00000,  0.00000,  0.00000,  0.00000,  0.00000,  0.00000
 0.00000,  0.00000,  0.00000,  0.00000,  0.00000,  0.00000
 0.00000,  0.00000,  0.00000,  0.00000,  0.00000,  0.00000
 0.00000,  0.00000,  0.00000,  0.00000,  0.00000,  0.00000
 0.00000,  0.00000,  0.00000,  0.00000,  0.00000,  0.00000
 0.00000,  0.00000,  0.00000,  0.00000,  0.00000,  0.00000
 0.00000,  0.00000,  0.00000,  0.00000,  0.00000,  0.00000
 0.00000,  0.00000,  0.00000,  0.00000,  0.00000,  0.00000
 0.00000,  0.00000,  0.00000,  0.00000,  0.00000,  0.00000
 0.00000,  0.00000,  0.00000,  0.00000,  0.00000,  0.00000
 0.00000,  0.00000,  0.00000,  0.00000,  0.00000,  0.00000
 0.00000,  0.00000,  0.00000,  0.00000,  0.00000,  0.00000
 0.00000,  0.00000,  0.00000,  0.00000,  0.00000,  0.00000
 0.00000,  0.00000,  0.00000,  0.00000,  0.00000,  0.00000
 0.00000,  0.00000,  0.00000,  0.00000,  0.00000,  0.00000
 0.00000,  0.00000,  0.00000,  0.00000,  0.00000,  0.00000
 0.00000,  0.00000,  0.00000,  0.00000,  0.00000,  0.00000
 0.00000,  0.00000,  0.00000,  0.00000,  0.00000,  0.00000
 0.00000,  0.00000,  0.00000,  0.00000,  0.00000,  0.00000
 0.00000,  0.00000,  0.00000,  0.00000,  0.00000,  0.00000
 0.00000,  0.00000,  0.00000,  0.00000,  0.00000,  0.00000
 0.00000,  0.00000,  0.00000,  0.00000,  0.00000,  0.00000
 0.00000,  0.00000,  0.00000,  0.00000,  0.00000,  0.00000
 0.00000,  0.00000,  0.00000,  0.00000,  0.00000,  0.00000
 0.00000,  0.00000,  0.00000,  0.00000,  0.00000,  0.00000
 0.00000,  0.00000,  0.00000,  0.00000,  0.00000,  0.00000
 0.00000,  0.00000,  0.00000,  0.00000,  0.00000,  0.00000
 0.00000,  0.00000,  0.00000,  0.00000,  0.00000,  0.00000
 0.00000,  0.00000,  0.00000,  0.00000,  0.00000,  0.00000
 0.00000,  0.00000,  0.00000,  0.00000,  0.00000,  0.00000
 0.00000,  0.00000,  0.00000,  0.00000,  0.00000,  0.00000
 0.00000,  0.00000,  0.00000,  0.00000,  0.00000,  0.00000
 0.00000,  0.00000,  0.00000,  0.00000,  0.00000,  0.00000
 0.00000,  0.00000,  0.00000,  0.00000,  0.00000,  0.00000
 0.00000,  0.00000,  0.00000,  0.00000,  0.00000,  0.00000
 0.00000,  0.00000,  0.00000,  0.00000,  0.00000,  0.00000
 0.00000,  0.00000,  0.00000,  0.00000,  0.00000,  0.00000
 0.00000,  0.00000,  0.00000,  0.00000,  0.00000,  0.00000
 0.00000,  0.00000,  0.00000,  0.00000,  0.00000,  0.00000
 0.00000,  0.00000,  0.00000,  0.00000,  0.00000,  0.00000
 0.00000,  0.00000,  0.00000,  0.00000,  0.00000,  0.00000
 0.00000,  0.00000,  0.00000,  0.00000,  0.00000,  0.00000
 0.00000,  0.00000,  0.00000,  0.00000,  0.00000,  0.00000
 0.00000,  0.00000,  0.00000,  0.00000,  0.00000,  0.00000
 0.00000,  0.00000,  0.00000,  0.00000,  0.00000,  0.00000
 0.00000,  0.00000,  0.00000,  0.00000,  0.00000,  0.00000
 0.00000,  0.00000,  0.00000,  0.00000,  0.00000,  0.00000
 0.00000,  0.00000,  0.00000,  0.00000,  0.00000,  0.00000
 0.00000,  0.00000,  0.00000,  0.00000,  0.00000,  0.00000
 0.00000,  0.00000,  0.00000,  0.00000,  0.00000,  0.00000
 0.00000,  0.00000,  0.00000,  0.00000,  0.00000,  0.00000
 0.00000,  0.00000,  0.00000,  0.00000,  0.00000,  0.00000
 0.00000,  0.00000,  0.00000,  0.00000,  0.00000,  0.00000
 0.00000,  0.00000,  0.00000,  0.00000,  0.00000,  0.00000
 0.00000,  0.00000,  0.00000,  0.00000,  0.00000,  0.00000
 0.00000,  0.00000,  0.00000,  0.00000,  0.00000,  0.00000
 0.00000,  0.00000,  0.00000,  0.00000,  0.00000,  0.00000
 0.00000,  0.00000,  0.00000,  0.00000,  0.00000,  0.00000
 0.00000,  0.00000,  0.00000,  0.00000,  0.00000,  0.00000
 0.00000,  0.00000,  0.00000,  0.00000,  0.00000,  0.00000
 0.00000,  0.00000,  0.00000,  0.00000,  0.00000,  0.00000
 0.00000,  0.00000,  0.00000,  0.00000,  0.00000,  0.00000
 0.00000,  0.00000,  0.00000,  0.00000,  0.00000,  0.00000
 0.00000,  0.00000,  0.00000,  0.00000,  0.00000,  0.00000
 0.00000,  0.00000,  0.00000,  0.00000,  0.00000,  0.00000
 0.00000,  0.00000,  0.00000,  0.00000,  0.00000,  0.00000
 0.00000,  0.00000,  0.00000,  0.00000,  0.00000,  0.00000
 0.00000,  0.00000,  0.00000,  0.00000,  0.00000,  0.00000
 0.00000,  0.00000,  0.00000,  0.00000,  0.00000,  0.00000
 0.00000,  0.00000,  0.00000,  0.00000,  0.00000,  0.00000
 0.00000,  0.00000,  0.00000,  0.00000,  0.00000,  0.00000
 0.00000,  0.00000,  0.00000,  0.00000,  0.00000,  0.00000
 0.00000,  0.00000,  0.00000,  0.00000,  0.00000,  0.00000
 0.00000,  0.00000,  0.00000,  0.00000,  0.00000,  0.00000
 0.00000,  0.00000,  0.00000,  0.00000,  0.00000,  0.00000
 0.00000,  0.00000,  0.00000,  0.00000,  0.00000,  0.00000
 0.00000,  0.00000,  0.00000,  0.00000,  0.00000,  0.00000
 0.00000,  0.00000,  0.00000,  0.00000,  0.00000,  0.00000
 0.00000,  0.00000,  0.00000,  0.00000,  0.00000,  0.00000
 0.00000,  0.00000,  0.00000,  0.00000,  0.00000,  0.00000
 0.00000,  0.00000,  0.00000,  0.00000,  0.00000,  0.00000
 0.00000,  0.00000,  0.00000,  0.00000,  0.00000,  0.00000
 0.00000,  0.00000,  0.00000,  0.00000,  0.00000,  0.00000
 0.00000,  0.00000,  0.00000,  0.00000,  0.00000,  0.00000
 0.00000,  0.00000,  0.00000,  0.00000,  0.00000,  0.00000
 0.00000,  0.00000,  0.00000,  0.00000,  0.00000,  0.00000
 0.00000,  0.00000,  0.00000,  0.00000,  0.00000,  0.00000
 0.00000,  0.00000,  0.00000,  0.00000,  0.00000,  0.00000
 0.00000,  0.00000,  0.00000,  0.00000,  0.00000,  0.00000
 0.00000,  0.00000,  0.00000,  0.00000,  0.00000,  0.00000
 0.00000,  0.00000,  0.00000,  0.00000,  0.00000,  0.00000
 0.00000,  0.00000,  0.00000,  0.00000,  0.00000,  0.00000
 0.00000,  0.00000,  0.00000,  0.00000,  0.00000,  0.00000
 0.00000,  0.00000,  0.00000,  0.00000,  0.00000,  0.00000
 0.00000,  0.00000,  0.00000,  0.00000,  0.00000,  0.00000
 0.00000,  0.00000,  0.00000,  0.00000,  0.00000,  0.00000
 0.00000,  0.00000,  0.00000,  0.00000,  0.00000,  0.00000
 0.00000,  0.00000,  0.00000,  0.00000,  0.00000,  0.00000
 0.00000,  0.00000,  0.00000,  0.00000,  0.00000,  0.00000
 0.00000,  0.00000,  0.00000,  0.00000,  0.00000,  0.00000
 0.00000,  0.00000,  0.00000,  0.00000,  0.00000,  0.00000
 0.00000,  0.00000,  0.00000,  0.00000,  0.00000,  0.00000
 0.00000,  0.00000,  0.00000,  0.00000,  0.00000,  0.00000
 0.00000,  0.00000,  0.00000,  0.00000,  0.00000,  0.00000
 0.00000,  0.00000,  0.00000,  0.00000,  0.00000,  0.00000
 0.00000,  0.00000,  0.00000,  0.00000,  0.00000,  0.00000
 0.00000,  0.00000,  0.00000,  0.00000,  0.00000,  0.00000
 0.00000,  0.00000,  0.00000,  0.00000,  0.00000,  0.00000
 0.00000,  0.00000,  0.00000,  0.00000,  0.00000,  0.00000
 0.00000,  0.00000,  0.00000,  0.00000,  0.00000,  0.00000
 0.00000,  0.00000,  0.00000,  0.00000,  0.00000,  0.00000
 0.00000,  0.00000,  0.00000,  0.00000,  0.00000,  0.00000
 0.00000,  0.00000,  0.00000,  0.00000,  0.00000,  0.00000
 0.00000,  0.00000,  0.00000,  0.00000,  0.00000,  0.00000
 0.00000,  0.00000,  0.00000,  0.00000,  0.00000,  0.00000
 0.00000,  0.00000,  0.00000,  0.00000,  0.00000,  0.00000
 0.00000,  0.00000,  0.00000,  0.00000,  0.00000,  0.00000
 0.00000,  0.00000,  0.00000,  0.00000,  0.00000,  0.00000
 0.00000,  0.00000,  0.00000,  0.00000,  0.00000,  0.00000
 0.00000,  0.00000,  0.00000,  0.00000,  0.00000,  0.00000
 0.00000,  0.00000,  0.00000,  0.00000,  0.00000,  0.00000
 0.00000,  0.00000,  0.00000,  0.00000,  0.00000,  0.00000
 0.00000,  0.00000,  0.00000,  0.00000,  0.00000,  0.00000
 0.00000,  0.00000,  0.00000,  0.00000,  0.00000,  0.00000
 0.00000,  0.00000,  0.00000,  0.00000,  0.00000,  0.00000
 0.00000,  0.00000,  0.00000,  0.00000,  0.00000,  0.00000
 0.00000,  0.00000,  0.00000,  0.00000,  0.00000,  0.00000
 0.00000,  0.00000,  0.00000,  0.00000,  0.00000,  0.00000
 0.00000,  0.00000,  0.00000,  0.00000,  0.00000,  0.00000
 0.00000,  0.00000,  0.00000,  0.00000,  0.00000,  0.00000
 0.00000,  0.00000,  0.00000,  0.00000,  0.00000,  0.00000
 0.00000,  0.00000,  0.00000,  0.00000,  0.00000,  0.00000
 0.00000,  0.00000,  0.00000,  0.00000,  0.00000,  0.00000
 0.00000,  0.00000,  0.00000,  0.00000,  0.00000,  0.00000
 0.00000,  0.00000,  0.00000,  0.00000,  0.00000,  0.00000
 0.00000,  0.00000,  0.00000,  0.00000,  0.00000,  0.00000
 0.00000,  0.00000,  0.00000,  0.00000,  0.00000,  0.00000
 0.00000,  0.00000,  0.00000,  0.00000,  0.00000,  0.00000
 0.00000,  0.00000,  0.00000,  0.00000,  0.00000,  0.00000
 0.00000,  0.00000,  0.00000,  0.00000,  0.00000,  0.00000
 0.00000,  0.00000,  0.00000,  0.00000,  0.00000,  0.00000
 0.00000,  0.00000,  0.00000,  0.00000,  0.00000,  0.00000
 0.00000,  0.00000,  0.00000,  0.00000,  0.00000,  0.00000
 0.00000,  0.00000,  0.00000,  0.00000,  0.00000,  0.00000
 0.00000,  0.00000,  0.00000,  0.00000,  0.00000,  0.00000
 0.00000,  0.00000,  0.00000,  0.00000,  0.00000,  0.00000
 0.00000,  0.00000,  0.00000,  0.00000,  0.00000,  0.00000
 0.00000,  0.00000,  0.00000,  0.00000,  0.00000,  0.00000
 0.00000,  0.00000,  0.00000,  0.00000,  0.00000,  0.00000
 0.00000,  0.00000,  0.00000,  0.00000,  0.00000,  0.00000
 0.00000,  0.00000,  0.00000,  0.00000,  0.00000,  0.00000
 0.00000,  0.00000,  0.00000,  0.00000,  0.00000,  0.00000
 0.00000,  0.00000,  0.00000,  0.00000,  0.00000,  0.00000
 0.00000,  0.00000,  0.00000,  0.00000,  0.00000,  0.00000
 0.00000,  0.00000,  0.00000,  0.00000,  0.00000,  0.00000
 0.00000,  0.00000,  0.00000,  0.00000,  0.00000,  0.00000
 0.00000,  0.00000,  0.00000,  0.00000,  0.00000,  0.00000
 0.00000,  0.00000,  0.00000,  0.00000,  0.00000,  0.00000
 0.00000,  0.00000,  0.00000,  0.00000,  0.00000,  0.00000
 0.00000,  0.00000,  0.00000,  0.00000,  0.00000,  0.00000
 0.00000,  0.00000,  0.00000,  0.00000,  0.00000,  0.00000
 0.00000,  0.00000,  0.00000,  0.00000,  0.00000,  0.00000
 0.00000,  0.00000,  0.00000,  0.00000,  0.00000,  0.00000
 0.00000,  0.00000,  0.00000,  0.00000,  0.00000,  0.00000
 0.00000,  0.00000,  0.00000,  0.00000,  0.00000,  0.00000
 0.00000,  0.00000,  0.00000,  0.00000,  0.00000,  0.00000
 0.00000,  0.00000,  0.00000,  0.00000,  0.00000,  0.00000
 0.00000,  0.00000,  0.00000,  0.00000,  0.00000,  0.00000
 0.00000,  0.00000,  0.00000,  0.00000,  0.00000,  0.00000
 0.00000,  0.00000,  0.00000,  0.00000,  0.00000,  0.00000
 0.00000,  0.00000,  0.00000,  0.00000,  0.00000,  0.00000
 0.00000,  0.00000,  0.00000,  0.00000,  0.00000,  0.00000
 0.00000,  0.00000,  0.00000,  0.00000,  0.00000,  0.00000
 0.00000,  0.00000,  0.00000,  0.00000,  0.00000,  0.00000
 0.00000,  0.00000,  0.00000,  0.00000,  0.00000,  0.00000
 0.00000,  0.00000,  0.00000,  0.00000,  0.00000,  0.00000
 0.00000,  0.00000,  0.00000,  0.00000,  0.00000,  0.00000
 0.00000,  0.00000,  0.00000,  0.00000,  0.00000,  0.00000
 0.00000,  0.00000,  0.00000,  0.00000,  0.00000,  0.00000
 0.00000,  0.00000,  0.00000,  0.00000,  0.00000,  0.00000
 0.00000,  0.00000,  0.00000,  0.00000,  0.00000,  0.00000
 0.00000,  0.00000,  0.00000,  0.00000,  0.00000,  0.00000
 0.00000,  0.00000,  0.00000,  0.00000,  0.00000,  0.00000
 0.00000,  0.00000,  0.00000,  0.00000,  0.00000,  0.00000
 0.00000,  0.00000,  0.00000,  0.00000,  0.00000,  0.00000
 0.00000,  0.00000,  0.00000,  0.00000,  0.00000,  0.00000
 0.00000,  0.00000,  0.00000,  0.00000,  0.00000,  0.00000
 0.00000,  0.00000,  0.00000,  0.00000,  0.00000,  0.00000
 0.00000,  0.00000,  0.00000,  0.00000,  0.00000,  0.00000
 0.00000,  0.00000,  0.00000,  0.00000,  0.00000,  0.00000
 0.00000,  0.00000,  0.00000,  0.00000,  0.00000,  0.00000
 0.00000,  0.00000,  0.00000,  0.00000,  0.00000,  0.00000
 0.00000,  0.00000,  0.00000,  0.00000,  0.00000,  0.00000
 0.00000,  0.00000,  0.00000,  0.00000,  0.00000,  0.00000
 0.00000,  0.00000,  0.00000,  0.00000,  0.00000,  0.00000
 0.00000,  0.00000,  0.00000,  0.00000,  0.00000,  0.00000
 0.00000,  0.00000,  0.00000,  0.00000,  0.00000,  0.00000
 0.00000,  0.00000,  0.00000,  0.00000,  0.00000,  0.00000
 0.00000,  0.00000,  0.00000,  0.00000,  0.00000,  0.00000
 0.00000,  0.00000,  0.00000,  0.00000,  0.00000,  0.00000
 0.00000,  0.00000,  0.00000,  0.00000,  0.00000,  0.00000
 0.00000,  0.00000,  0.00000,  0.00000,  0.00000,  0.00000
 0.00000,  0.00000,  0.00000,  0.00000,  0.00000,  0.00000
 0.00000,  0.00000,  0.00000,  0.00000,  0.00000,  0.00000
 0.00000,  0.00000,  0.00000,  0.00000,  0.00000,  0.00000
 0.00000,  0.00000,  0.00000,  0.00000,  0.00000,  0.00000
 0.00000,  0.00000,  0.00000,  0.00000,  0.00000,  0.00000
 0.00000,  0.00000,  0.00000,  0.00000,  0.00000,  0.00000
 0.00000,  0.00000,  0.00000,  0.00000,  0.00000,  0.00000
 0.00000,  0.00000,  0.00000,  0.00000,  0.00000,  0.00000
 0.00000,  0.00000,  0.00000,  0.00000,  0.00000,  0.00000
 0.00000,  0.00000,  0.00000,  0.00000,  0.00000,  0.00000
 0.00000,  0.00000,  0.00000,  0.00000,  0.00000,  0.00000
 0.00000,  0.00000,  0.00000,  0.00000,  0.00000,  0.00000
 0.00000,  0.00000,  0.00000,  0.00000,  0.00000,  0.00000
 0.00000,  0.00000,  0.00000,  0.00000,  0.00000,  0.00000
 0.00000,  0.00000,  0.00000,  0.00000,  0.00000,  0.00000
 0.00000,  0.00000,  0.00000,  0.00000,  0.00000,  0.00000
 0.00000,  0.00000,  0.00000,  0.00000,  0.00000,  0.00000
 0.00000,  0.00000,  0.00000,  0.00000,  0.00000,  0.00000
 0.00000,  0.00000,  0.00000,  0.00000,  0.00000,  0.00000
 0.00000,  0.00000,  0.00000,  0.00000,  0.00000,  0.00000
 0.00000,  0.00000,  0.00000,  0.00000,  0.00000,  0.00000
 0.00000,  0.00000,  0.00000,  0.00000,  0.00000,  0.00000
 0.00000,  0.00000,  0.00000,  0.00000,  0.00000,  0.00000
 0.00000,  0.00000,  0.00000,  0.00000,  0.00000,  0.00000
 0.00000,  0.00000,  0.00000,  0.00000,  0.00000,  0.00000
 0.00000,  0.00000,  0.00000,  0.00000,  0.00000,  0.00000
 0.00000,  0.00000,  0.00000,  0.00000,  0.00000,  0.00000
 0.00000,  0.00000,  0.00000,  0.00000,  0.00000,  0.00000
 0.00000,  0.00000,  0.00000,  0.00000,  0.00000,  0.00000
 0.00000,  0.00000,  0.00000,  0.00000,  0.00000,  0.00000
 0.00000,  0.00000,  0.00000,  0.00000,  0.00000,  0.00000
 0.00000,  0.00000,  0.00000,  0.00000,  0.00000,  0.00000
 0.00000,  0.00000,  0.00000,  0.00000,  0.00000,  0.00000
 0.00000,  0.00000,  0.00000,  0.00000,  0.00000,  0.00000
 0.00000,  0.00000,  0.00000,  0.00000,  0.00000,  0.00000
 0.00000,  0.00000,  0.00000,  0.00000,  0.00000,  0.00000
 0.00000,  0.00000,  0.00000,  0.00000,  0.00000,  0.00000
 0.00000,  0.00000,  0.00000,  0.00000,  0.00000,  0.00000
 0.00000,  0.00000,  0.00000,  0.00000,  0.00000,  0.00000
 0.00000,  0.00000,  0.00000,  0.00000,  0.00000,  0.00000
 0.00000,  0.00000,  0.00000,  0.00000,  0.00000,  0.00000
 0.00000,  0.00000,  0.00000,  0.00000,  0.00000,  0.00000
 0.00000,  0.00000,  0.00000,  0.00000,  0.00000,  0.00000
 0.00000,  0.00000,  0.00000,  0.00000,  0.00000,  0.00000
 0.00000,  0.00000,  0.00000,  0.00000,  0.00000,  0.00000
 0.00000,  0.00000,  0.00000,  0.00000,  0.00000,  0.00000
 0.00000,  0.00000,  0.00000,  0.00000,  0.00000,  0.00000
 0.00000,  0.00000,  0.00000,  0.00000,  0.00000,  0.00000
 0.00000,  0.00000,  0.00000,  0.00000,  0.00000,  0.00000
 0.00000,  0.00000,  0.00000,  0.00000,  0.00000,  0.00000
 0.00000,  0.00000,  0.00000,  0.00000,  0.00000,  0.00000
 0.00000,  0.00000,  0.00000,  0.00000,  0.00000,  0.00000
 0.00000,  0.00000,  0.00000,  0.00000,  0.00000,  0.00000
 0.00000,  0.00000,  0.00000,  0.00000,  0.00000,  0.00000
 0.00000,  0.00000,  0.00000,  0.00000,  0.00000,  0.00000
 0.00000,  0.00000,  0.00000,  0.00000,  0.00000,  0.00000
 0.00000,  0.00000,  0.00000,  0.00000,  0.00000,  0.00000
 0.00000,  0.00000,  0.00000,  0.00000,  0.00000,  0.00000
 0.00000,  0.00000,  0.00000,  0.00000,  0.00000,  0.00000
 0.00000,  0.00000,  0.00000,  0.00000,  0.00000,  0.00000
 0.00000,  0.00000,  0.00000,  0.00000,  0.00000,  0.00000
 0.00000,  0.00000,  0.00000,  0.00000,  0.00000,  0.00000
 0.00000,  0.00000,  0.00000,  0.00000,  0.00000,  0.00000
 0.00000,  0.00000,  0.00000,  0.00000,  0.00000,  0.00000
 0.00000,  0.00000,  0.00000,  0.00000,  0.00000,  0.00000
 0.00000,  0.00000,  0.00000,  0.00000,  0.00000,  0.00000
 0.00000,  0.00000,  0.00000,  0.00000,  0.00000,  0.00000
 0.00000,  0.00000,  0.00000,  0.00000,  0.00000,  0.00000
 0.00000,  0.00000,  0.00000,  0.00000,  0.00000,  0.00000
 0.00000,  0.00000,  0.00000,  0.00000,  0.00000,  0.00000
 0.00000,  0.00000,  0.00000,  0.00000,  0.00000,  0.00000
 0.00000,  0.00000,  0.00000,  0.00000,  0.00000,  0.00000
 0.00000,  0.00000,  0.00000,  0.00000,  0.00000,  0.00000
 0.00000,  0.00000,  0.00000,  0.00000,  0.00000,  0.00000
 0.00000,  0.00000,  0.00000,  0.00000,  0.00000,  0.00000
 0.00000,  0.00000,  0.00000,  0.00000,  0.00000,  0.00000
 0.00000,  0.00000,  0.00000,  0.00000,  0.00000,  0.00000
 0.00000,  0.00000,  0.00000,  0.00000,  0.00000,  0.00000
 0.00000,  0.00000,  0.00000,  0.00000,  0.00000,  0.00000
 0.00000,  0.00000,  0.00000,  0.00000,  0.00000,  0.00000
 0.00000,  0.00000,  0.00000,  0.00000,  0.00000,  0.00000
 0.00000,  0.00000,  0.00000,  0.00000,  0.00000,  0.00000
 0.00000,  0.00000,  0.00000,  0.00000,  0.00000,  0.00000
 0.00000,  0.00000,  0.00000,  0.00000,  0.00000,  0.00000
 0.00000,  0.00000,  0.00000,  0.00000,  0.00000,  0.00000
 0.00000,  0.00000,  0.00000,  0.00000,  0.00000,  0.00000
 0.00000,  0.00000,  0.00000,  0.00000,  0.00000,  0.00000
 0.00000,  0.00000,  0.00000,  0.00000,  0.00000,  0.00000
 0.00000,  0.00000,  0.00000,  0.00000,  0.00000,  0.00000
 0.00000,  0.00000,  0.00000,  0.00000,  0.00000,  0.00000
 0.00000,  0.00000,  0.00000,  0.00000,  0.00000,  0.00000
 0.00000,  0.00000,  0.00000,  0.00000,  0.00000,  0.00000
 0.00000,  0.00000,  0.00000,  0.00000,  0.00000,  0.00000
 0.00000,  0.00000,  0.00000,  0.00000,  0.00000,  0.00000
 0.00000,  0.00000,  0.00000,  0.00000,  0.00000,  0.00000
 0.00000,  0.00000,  0.00000,  0.00000,  0.00000,  0.00000
 0.00000,  0.00000,  0.00000,  0.00000,  0.00000,  0.00000
 0.00000,  0.00000,  0.00000,  0.00000,  0.00000,  0.00000
 0.00000,  0.00000,  0.00000,  0.00000,  0.00000,  0.00000
 0.00000,  0.00000,  0.00000,  0.00000,  0.00000,  0.00000
 0.00000,  0.00000,  0.00000,  0.00000,  0.00000,  0.00000
 0.00000,  0.00000,  0.00000,  0.00000,  0.00000,  0.00000
 0.00000,  0.00000,  0.00000,  0.00000,  0.00000,  0.00000
 0.00000,  0.00000,  0.00000,  0.00000,  0.00000,  0.00000
 0.00000,  0.00000,  0.00000,  0.00000,  0.00000,  0.00000
 0.00000,  0.00000,  0.00000,  0.00000,  0.00000,  0.00000
 0.00000,  0.00000,  0.00000,  0.00000,  0.00000,  0.00000
 0.00000,  0.00000,  0.00000,  0.00000,  0.00000,  0.00000
 0.00000,  0.00000,  0.00000,  0.00000,  0.00000,  0.00000
 0.00000,  0.00000,  0.00000,  0.00000,  0.00000,  0.00000
 0.00000,  0.00000,  0.00000,  0.00000,  0.00000,  0.00000
 0.00000,  0.00000,  0.00000,  0.00000,  0.00000,  0.00000
 0.00000,  0.00000,  0.00000,  0.00000,  0.00000,  0.00000
 0.00000,  0.00000,  0.00000,  0.00000,  0.00000,  0.00000
 0.00000,  0.00000,  0.00000,  0.00000,  0.00000,  0.00000
 0.00000,  0.00000,  0.00000,  0.00000,  0.00000,  0.00000
 0.00000,  0.00000,  0.00000,  0.00000,  0.00000,  0.00000
 0.00000,  0.00000,  0.00000,  0.00000,  0.00000,  0.00000
 0.00000,  0.00000,  0.00000,  0.00000,  0.00000,  0.00000
 0.00000,  0.00000,  0.00000,  0.00000,  0.00000,  0.00000
 0.00000,  0.00000,  0.00000,  0.00000,  0.00000,  0.00000
 0.00000,  0.00000,  0.00000,  0.00000,  0.00000,  0.00000
 0.00000,  0.00000,  0.00000,  0.00000,  0.00000,  0.00000
 0.00000,  0.00000,  0.00000,  0.00000,  0.00000,  0.00000
 0.00000,  0.00000,  0.00000,  0.00000,  0.00000,  0.00000
 0.00000,  0.00000,  0.00000,  0.00000,  0.00000,  0.00000
 0.00000,  0.00000,  0.00000,  0.00000,  0.00000,  0.00000
 0.00000,  0.00000,  0.00000,  0.00000,  0.00000,  0.00000
 0.00000,  0.00000,  0.00000,  0.00000,  0.00000,  0.00000
 0.00000,  0.00000,  0.00000,  0.00000,  0.00000,  0.00000
 0.00000,  0.00000,  0.00000,  0.00000,  0.00000,  0.00000
 0.00000,  0.00000,  0.00000,  0.00000,  0.00000,  0.00000
 0.00000,  0.00000,  0.00000,  0.00000,  0.00000,  0.00000
 0.00000,  0.00000,  0.00000,  0.00000,  0.00000,  0.00000
 0.00000,  0.00000,  0.00000,  0.00000,  0.00000,  0.00000
 0.00000,  0.00000,  0.00000,  0.00000,  0.00000,  0.00000
 0.00000,  0.00000,  0.00000,  0.00000,  0.00000,  0.00000
 0.00000,  0.00000,  0.00000,  0.00000,  0.00000,  0.00000
 0.00000,  0.00000,  0.00000,  0.00000,  0.00000,  0.00000
 0.00000,  0.00000,  0.00000,  0.00000,  0.00000,  0.00000
 0.00000,  0.00000,  0.00000,  0.00000,  0.00000,  0.00000
 0.00000,  0.00000,  0.00000,  0.00000,  0.00000,  0.00000
 0.00000,  0.00000,  0.00000,  0.00000,  0.00000,  0.00000
 0.00000,  0.00000,  0.00000,  0.00000,  0.00000,  0.00000
 0.00000,  0.00000,  0.00000,  0.00000,  0.00000,  0.00000
 0.00000,  0.00000,  0.00000,  0.00000,  0.00000,  0.00000
 0.00000,  0.00000,  0.00000,  0.00000,  0.00000,  0.00000
 0.00000,  0.00000,  0.00000,  0.00000,  0.00000,  0.00000
 0.00000,  0.00000,  0.00000,  0.00000,  0.00000,  0.00000
 0.00000,  0.00000,  0.00000,  0.00000,  0.00000,  0.00000
 0.00000,  0.00000,  0.00000,  0.00000,  0.00000,  0.00000
 0.00000,  0.00000,  0.00000,  0.00000,  0.00000,  0.00000
 0.00000,  0.00000,  0.00000,  0.00000,  0.00000,  0.00000
 0.00000,  0.00000,  0.00000,  0.00000,  0.00000,  0.00000
 0.00000,  0.00000,  0.00000,  0.00000,  0.00000,  0.00000
 0.00000,  0.00000,  0.00000,  0.00000,  0.00000,  0.00000
 0.00000,  0.00000,  0.00000,  0.00000,  0.00000,  0.00000
 0.00000,  0.00000,  0.00000,  0.00000,  0.00000,  0.00000
 0.00000,  0.00000,  0.00000,  0.00000,  0.00000,  0.00000
 0.00000,  0.00000,  0.00000,  0.00000,  0.00000,  0.00000
 0.00000,  0.00000,  0.00000,  0.00000,  0.00000,  0.00000
 0.00000,  0.00000,  0.00000,  0.00000,  0.00000,  0.00000
 0.00000,  0.00000,  0.00000,  0.00000,  0.00000,  0.00000
 0.00000,  0.00000,  0.00000,  0.00000,  0.00000,  0.00000
 0.00000,  0.00000,  0.00000,  0.00000,  0.00000,  0.00000
 0.00000,  0.00000,  0.00000,  0.00000,  0.00000,  0.00000
 0.00000,  0.00000,  0.00000,  0.00000,  0.00000,  0.00000
 0.00000,  0.00000,  0.00000,  0.00000,  0.00000,  0.00000
 0.00000,  0.00000,  0.00000,  0.00000,  0.00000,  0.00000
 0.00000,  0.00000,  0.00000,  0.00000,  0.00000,  0.00000
 0.00000,  0.00000,  0.00000,  0.00000,  0.00000,  0.00000
 0.00000,  0.00000,  0.00000,  0.00000,  0.00000,  0.00000
 0.00000,  0.00000,  0.00000,  0.00000,  0.00000,  0.00000
 0.00000,  0.00000,  0.00000,  0.00000,  0.00000,  0.00000
 0.00000,  0.00000,  0.00000,  0.00000,  0.00000,  0.00000
 0.00000,  0.00000,  0.00000,  0.00000,  0.00000,  0.00000
 0.00000,  0.00000,  0.00000,  0.00000,  0.00000,  0.00000
 0.00000,  0.00000,  0.00000,  0.00000,  0.00000,  0.00000
 0.00000,  0.00000,  0.00000,  0.00000,  0.00000,  0.00000
 0.00000,  0.00000,  0.00000,  0.00000,  0.00000,  0.00000
 0.00000,  0.00000,  0.00000,  0.00000,  0.00000,  0.00000
 0.00000,  0.00000,  0.00000,  0.00000,  0.00000,  0.00000
 0.00000,  0.00000,  0.00000,  0.00000,  0.00000,  0.00000
 0.00000,  0.00000,  0.00000,  0.00000,  0.00000,  0.00000
 0.00000,  0.00000,  0.00000,  0.00000,  0.00000,  0.00000
 0.00000,  0.00000,  0.00000,  0.00000,  0.00000,  0.00000
 0.00000,  0.00000,  0.00000,  0.00000,  0.00000,  0.00000
 0.00000,  0.00000,  0.00000,  0.00000,  0.00000,  0.00000
 0.00000,  0.00000,  0.00000,  0.00000,  0.00000,  0.00000
 0.00000,  0.00000,  0.00000,  0.00000,  0.00000,  0.00000
 0.00000,  0.00000,  0.00000,  0.00000,  0.00000,  0.00000
 0.00000,  0.00000,  0.00000,  0.00000,  0.00000,  0.00000
 0.00000,  0.00000,  0.00000,  0.00000,  0.00000,  0.00000
 0.00000,  0.00000,  0.00000,  0.00000,  0.00000,  0.00000
 0.00000,  0.00000,  0.00000,  0.00000,  0.00000,  0.00000
 0.00000,  0.00000,  0.00000,  0.00000,  0.00000,  0.00000
 0.00000,  0.00000,  0.00000,  0.00000,  0.00000,  0.00000
 0.00000,  0.00000,  0.00000,  0.00000,  0.00000,  0.00000
 0.00000,  0.00000,  0.00000,  0.00000,  0.00000,  0.00000
 0.00000,  0.00000,  0.00000,  0.00000,  0.00000,  0.00000
 0.00000,  0.00000,  0.00000,  0.00000,  0.00000,  0.00000
 0.00000,  0.00000,  0.00000,  0.00000,  0.00000,  0.00000
 0.00000,  0.00000,  0.00000,  0.00000,  0.00000,  0.00000
 0.00000,  0.00000,  0.00000,  0.00000,  0.00000,  0.00000
 0.00000,  0.00000,  0.00000,  0.00000,  0.00000,  0.00000
 0.00000,  0.00000,  0.00000,  0.00000,  0.00000,  0.00000
 0.00000,  0.00000,  0.00000,  0.00000,  0.00000,  0.00000
 0.00000,  0.00000,  0.00000,  0.00000,  0.00000,  0.00000
 0.00000,  0.00000,  0.00000,  0.00000,  0.00000,  0.00000
 0.00000,  0.00000,  0.00000,  0.00000,  0.00000,  0.00000
 0.00000,  0.00000,  0.00000,  0.00000,  0.00000,  0.00000
 0.00000,  0.00000,  0.00000,  0.00000,  0.00000,  0.00000
 0.00000,  0.00000,  0.00000,  0.00000,  0.00000,  0.00000
 0.00000,  0.00000,  0.00000,  0.00000,  0.00000,  0.00000
 0.00000,  0.00000,  0.00000,  0.00000,  0.00000,  0.00000
 0.00000,  0.00000,  0.00000,  0.00000,  0.00000,  0.00000
 0.00000,  0.00000,  0.00000,  0.00000,  0.00000,  0.00000
 0.00000,  0.00000,  0.00000,  0.00000,  0.00000,  0.00000
 0.00000,  0.00000,  0.00000,  0.00000,  0.00000,  0.00000
 0.00000,  0.00000,  0.00000,  0.00000,  0.00000,  0.00000
 0.00000,  0.00000,  0.00000,  0.00000,  0.00000,  0.00000
 0.00000,  0.00000,  0.00000,  0.00000,  0.00000,  0.00000
 0.00000,  0.00000,  0.00000,  0.00000,  0.00000,  0.00000
 0.00000,  0.00000,  0.00000,  0.00000,  0.00000,  0.00000
 0.00000,  0.00000,  0.00000,  0.00000,  0.00000,  0.00000
 0.00000,  0.00000,  0.00000,  0.00000,  0.00000,  0.00000
 0.00000,  0.00000,  0.00000,  0.00000,  0.00000,  0.00000
 0.00000,  0.00000,  0.00000,  0.00000,  0.00000,  0.00000
 0.00000,  0.00000,  0.00000,  0.00000,  0.00000,  0.00000
 0.00000,  0.00000,  0.00000,  0.00000,  0.00000,  0.00000
 0.00000,  0.00000,  0.00000,  0.00000,  0.00000,  0.00000
 0.00000,  0.00000,  0.00000,  0.00000,  0.00000,  0.00000
 0.00000,  0.00000,  0.00000,  0.00000,  0.00000,  0.00000
 0.00000,  0.00000,  0.00000,  0.00000,  0.00000,  0.00000
 0.00000,  0.00000,  0.00000,  0.00000,  0.00000,  0.00000
 0.00000,  0.00000,  0.00000,  0.00000,  0.00000,  0.00000
 0.00000,  0.00000,  0.00000,  0.00000,  0.00000,  0.00000
 0.00000,  0.00000,  0.00000,  0.00000,  0.00000,  0.00000
 0.00000,  0.00000,  0.00000,  0.00000,  0.00000,  0.00000
 0.00000,  0.00000,  0.00000,  0.00000,  0.00000,  0.00000
 0.00000,  0.00000,  0.00000,  0.00000,  0.00000,  0.00000
 0.00000,  0.00000,  0.00000,  0.00000,  0.00000,  0.00000
 0.00000,  0.00000,  0.00000,  0.00000,  0.00000,  0.00000
 0.00000,  0.00000,  0.00000,  0.00000,  0.00000,  0.00000
 0.00000,  0.00000,  0.00000,  0.00000,  0.00000,  0.00000
 0.00000,  0.00000,  0.00000,  0.00000,  0.00000,  0.00000
 0.00000,  0.00000,  0.00000,  0.00000,  0.00000,  0.00000
 0.00000,  0.00000,  0.00000,  0.00000,  0.00000,  0.00000
 0.00000,  0.00000,  0.00000,  0.00000,  0.00000,  0.00000
 0.00000,  0.00000,  0.00000,  0.00000,  0.00000,  0.00000
 0.00000,  0.00000,  0.00000,  0.00000,  0.00000,  0.00000
 0.00000,  0.00000,  0.00000,  0.00000,  0.00000,  0.00000
 0.00000,  0.00000,  0.00000,  0.00000,  0.00000,  0.00000
 0.00000,  0.00000,  0.00000,  0.00000,  0.00000,  0.00000
 0.00000,  0.00000,  0.00000,  0.00000,  0.00000,  0.00000
 0.00000,  0.00000,  0.00000,  0.00000,  0.00000,  0.00000
 0.00000,  0.00000,  0.00000,  0.00000,  0.00000,  0.00000
 0.00000,  0.00000,  0.00000,  0.00000,  0.00000,  0.00000
 0.00000,  0.00000,  0.00000,  0.00000,  0.00000,  0.00000
 0.00000,  0.00000,  0.00000,  0.00000,  0.00000,  0.00000
 0.00000,  0.00000,  0.00000,  0.00000,  0.00000,  0.00000
 0.00000,  0.00000,  0.00000,  0.00000,  0.00000,  0.00000
 0.00000,  0.00000,  0.00000,  0.00000,  0.00000,  0.00000
 0.00000,  0.00000,  0.00000,  0.00000,  0.00000,  0.00000
 0.00000,  0.00000,  0.00000,  0.00000,  0.00000,  0.00000
 0.00000,  0.00000,  0.00000,  0.00000,  0.00000,  0.00000
 0.00000,  0.00000,  0.00000,  0.00000,  0.00000,  0.00000
 0.00000,  0.00000,  0.00000,  0.00000,  0.00000,  0.00000
 0.00000,  0.00000,  0.00000,  0.00000,  0.00000,  0.00000
 0.00000,  0.00000,  0.00000,  0.00000,  0.00000,  0.00000
 0.00000,  0.00000,  0.00000,  0.00000,  0.00000,  0.00000
 0.00000,  0.00000,  0.00000,  0.00000,  0.00000,  0.00000
 0.00000,  0.00000,  0.00000,  0.00000,  0.00000,  0.00000
 0.00000,  0.00000,  0.00000,  0.00000,  0.00000,  0.00000
 0.00000,  0.00000,  0.00000,  0.00000,  0.00000,  0.00000
 0.00000,  0.00000,  0.00000,  0.00000,  0.00000,  0.00000
 0.00000,  0.00000,  0.00000,  0.00000,  0.00000,  0.00000
 0.00000,  0.00000,  0.00000,  0.00000,  0.00000,  0.00000
 0.00000,  0.00000,  0.00000,  0.00000,  0.00000,  0.00000
 0.00000,  0.00000,  0.00000,  0.00000,  0.00000,  0.00000
 0.00000,  0.00000,  0.00000,  0.00000,  0.00000,  0.00000
 0.00000,  0.00000,  0.00000,  0.00000,  0.00000,  0.00000
 0.00000,  0.00000,  0.00000,  0.00000,  0.00000,  0.00000
 0.00000,  0.00000,  0.00000,  0.00000,  0.00000,  0.00000
 0.00000,  0.00000,  0.00000,  0.00000,  0.00000,  0.00000
 0.00000,  0.00000,  0.00000,  0.00000,  0.00000,  0.00000
 0.00000,  0.00000,  0.00000,  0.00000,  0.00000,  0.00000
 0.00000,  0.00000,  0.00000,  0.00000,  0.00000,  0.00000
 0.00000,  0.00000,  0.00000,  0.00000,  0.00000,  0.00000
 0.00000,  0.00000,  0.00000,  0.00000,  0.00000,  0.00000
 0.00000,  0.00000,  0.00000,  0.00000,  0.00000,  0.00000
 0.00000,  0.00000,  0.00000,  0.00000,  0.00000,  0.00000
 0.00000,  0.00000,  0.00000,  0.00000,  0.00000,  0.00000
 0.00000,  0.00000,  0.00000,  0.00000,  0.00000,  0.00000
 0.00000,  0.00000,  0.00000,  0.00000,  0.00000,  0.00000
 0.00000,  0.00000,  0.00000,  0.00000,  0.00000,  0.00000
 0.00000,  0.00000,  0.00000,  0.00000,  0.00000,  0.00000
 0.00000,  0.00000,  0.00000,  0.00000,  0.00000,  0.00000
 0.00000,  0.00000,  0.00000,  0.00000,  0.00000,  0.00000
 0.00000,  0.00000,  0.00000,  0.00000,  0.00000,  0.00000
 0.00000,  0.00000,  0.00000,  0.00000,  0.00000,  0.00000
 0.00000,  0.00000,  0.00000,  0.00000,  0.00000,  0.00000
 0.00000,  0.00000,  0.00000,  0.00000,  0.00000,  0.00000
 0.00000,  0.00000,  0.00000,  0.00000,  0.00000,  0.00000
 0.00000,  0.00000,  0.00000,  0.00000,  0.00000,  0.00000
 0.00000,  0.00000,  0.00000,  0.00000,  0.00000,  0.00000
 0.00000,  0.00000,  0.00000,  0.00000,  0.00000,  0.00000
 0.00000,  0.00000,  0.00000,  0.00000,  0.00000,  0.00000
 0.00000,  0.00000,  0.00000,  0.00000,  0.00000,  0.00000
 0.00000,  0.00000,  0.00000,  0.00000,  0.00000,  0.00000
 0.00000,  0.00000,  0.00000,  0.00000,  0.00000,  0.00000
 0.00000,  0.00000,  0.00000,  0.00000,  0.00000,  0.00000
 0.00000,  0.00000,  0.00000,  0.00000,  0.00000,  0.00000
 0.00000,  0.00000,  0.00000,  0.00000,  0.00000,  0.00000
 0.00000,  0.00000,  0.00000,  0.00000,  0.00000,  0.00000
 0.00000,  0.00000,  0.00000,  0.00000,  0.00000,  0.00000
 0.00000,  0.00000,  0.00000,  0.00000,  0.00000,  0.00000
 0.00000,  0.00000,  0.00000,  0.00000,  0.00000,  0.00000
 0.00000,  0.00000,  0.00000,  0.00000,  0.00000,  0.00000
 0.00000,  0.00000,  0.00000,  0.00000,  0.00000,  0.00000
 0.00000,  0.00000,  0.00000,  0.00000,  0.00000,  0.00000
 0.00000,  0.00000,  0.00000,  0.00000,  0.00000,  0.00000
 0.00000,  0.00000,  0.00000,  0.00000,  0.00000,  0.00000
 0.00000,  0.00000,  0.00000,  0.00000,  0.00000,  0.00000
 0.00000,  0.00000,  0.00000,  0.00000,  0.00000,  0.00000
 0.00000,  0.00000,  0.00000,  0.00000,  0.00000,  0.00000
 0.00000,  0.00000,  0.00000,  0.00000,  0.00000,  0.00000
 0.00000,  0.00000,  0.00000,  0.00000,  0.00000,  0.00000
 0.00000,  0.00000,  0.00000,  0.00000,  0.00000,  0.00000
 0.00000,  0.00000,  0.00000,  0.00000,  0.00000,  0.00000
 0.00000,  0.00000,  0.00000,  0.00000,  0.00000,  0.00000
 0.00000,  0.00000,  0.00000,  0.00000,  0.00000,  0.00000
 0.00000,  0.00000,  0.00000,  0.00000,  0.00000,  0.00000
 0.00000,  0.00000,  0.00000,  0.00000,  0.00000,  0.00000
 0.00000,  0.00000,  0.00000,  0.00000,  0.00000,  0.00000
 0.00000,  0.00000,  0.00000,  0.00000,  0.00000,  0.00000
