Rate: 50 Hz
      Fx,        Fy,        Fz,        Mx,        My,        Mz
       N,         N,         N,       N-m,       N-m,       N-m
 0.00273,  0.00238,  2.58423,  0.00395,  0.22572,  0.00076
-0.00066,  0.00141,  1.47595,  0.15205,  0.07579, -0.09409
-0.00484,  0.00440,  2.58008, -0.21510, -0.14724,  0.00061
-0.00526,  0.00950,  2.57568, -0.59003, -0.22143, -0.11938
-0.00017,  0.00035,  0.36899, -0.29634, -0.22285, -0.03138
-0.00895,  0.00361,  3.68433,  0.01278, -0.29410, -0.15117
-0.00099,  0.00211,  2.21399, -0.29201,  0.37410, -0.09399
-0.00099,  0.00211,  2.21399, -0.44061,  0.15088,  0.00031
-0.00099,  0.00211,  2.21399, -0.21770,  0.15088, -0.03112
-0.00333,  0.00466,  2.58105, -0.21519, -0.07313, -0.18655
-0.00065,  0.00546,  3.32153, -0.21465,  0.07753, -0.06344
-0.00009,  0.00392,  2.58386, -0.14302,  0.07678, -0.03159
-0.00083,  0.00176,  1.84491, -0.44147,  0.22495, -0.03117
-0.00066,  0.00141,  1.47595, -0.29375,  0.52225, -0.03123
-0.00017,  0.00035,  0.36899, -0.07344,  0.37239, -0.09425
-0.00024,  0.00665,  2.58228, -0.36781,  0.07515, -0.03037
 0.00000,  0.00000,  0.00000, -0.52008,  0.37201, -0.18861
-0.00033,  0.00070,  0.73798, -0.44409,  0.00069, -0.15707
-0.00066,  0.00141,  1.47595, -0.21944, -0.07302,  0.03164
-0.00033,  0.00070,  0.73798, -0.22118,  0.00069, -0.12563
-0.00033,  0.00070,  0.73798, -0.22118,  0.22392,  0.06297
-0.00099,  0.00211,  2.21399, -0.21770,  0.52292, -0.06255
-0.00099,  0.00211,  2.21399,  0.00521,  0.29970, -0.21973
 0.00659,  0.00514,  2.58411, -0.29314,  0.37372, -0.06089
-0.00099,  0.00211,  2.21399, -0.51489, -0.07233, -0.09399
-0.00197,  0.00431,  2.95190, -0.14105,  0.00282,  0.06431
-0.00083,  0.00176,  1.84491, -0.14426,  0.29935, -0.15691
-0.00099,  0.00211,  2.21399, -0.44061,  0.29970, -0.09399
-0.00083,  0.00176,  1.84491, -0.06996,  0.67142, -0.15691
-0.00083,  0.00176,  1.84491, -0.66437,  0.07613, -0.21978
-0.00440,  0.00745,  2.57874, -0.44066, -0.14724, -0.15108
-0.00303,  0.00763,  2.57996, -0.44089, -0.07315,  0.03317
 0.00000,  0.00000,  0.00000,  0.00000,  0.00000,  0.00000
 0.00000,  0.00000,  0.00000,  0.00000,  0.00000,  0.00000
 0.00000,  0.00000,  0.00000,  0.00000,  0.00000,  0.00000
 0.00000,  0.00000,  0.00000,  0.00000,  0.00000,  0.00000
 0.00000,  0.00000,  0.00000,  0.00000,  0.00000,  0.00000
 0.00000,  0.00000,  0.00000,  0.00000,  0.00000,  0.00000
 0.00000,  0.00000,  0.00000,  0.00000,  0.00000,  0.00000
 0.00000,  0.00000,  0.00000,  0.00000,  0.00000,  0.00000
 0.00000,  0.00000,  0.00000,  0.00000,  0.00000,  0.00000
 0.00000,  0.00000,  0.00000,  0.00000,  0.00000,  0.00000
 0.00000,  0.00000,  0.00000,  0.00000,  0.00000,  0.00000
 0.00000,  0.00000,  0.00000,  0.00000,  0.00000,  0.00000
 0.00000,  0.00000,  0.00000,  0.00000,  0.00000,  0.00000
 0.00000,  0.00000,  0.00000,  0.00000,  0.00000,  0.00000
 0.00000,  0.00000,  0.00000,  0.00000,  0.00000,  0.00000
 0.00000,  0.00000,  0.00000,  0.00000,  0.00000,  0.00000
 0.00000,  0.00000,  0.00000,  0.00000,  0.00000,  0.00000
 0.00000,  0.00000,  0.00000,  0.00000,  0.00000,  0.00000
 0.00000,  0.00000,  0.00000,  0.00000,  0.00000,  0.00000
 0.00000,  0.00000,  0.00000,  0.00000,  0.00000,  0.00000
 0.00000,  0.00000,  0.00000,  0.00000,  0.00000,  0.00000
 0.00000,  0.00000,  0.00000,  0.00000,  0.00000,  0.00000
 0.00000,  0.00000,  0.00000,  0.00000,  0.00000,  0.00000
 0.00000,  0.00000,  0.00000,  0.00000,  0.00000,  0.00000
 0.00000,  0.00000,  0.00000,  0.00000,  0.00000,  0.00000
 0.00000,  0.00000,  0.00000,  0.00000,  0.00000,  0.00000
 0.00000,  0.00000,  0.00000,  0.00000,  0.00000,  0.00000
 0.00000,  0.00000,  0.00000,  0.00000,  0.00000,  0.00000
 0.00000,  0.00000,  0.00000,  0.00000,  0.00000,  0.00000
 0.00000,  0.00000,  0.00000,  0.00000,  0.00000,  0.00000
 0.00000,  0.00000,  0.00000,  0.00000,  0.00000,  0.00000
 0.00000,  0.00000,  0.00000,  0.00000,  0.00000,  0.00000
 0.00000,  0.00000,  0.00000,  0.00000,  0.00000,  0.00000
 0.00000,  0.00000,  0.00000,  0.00000,  0.00000,  0.00000
 0.00000,  0.00000,  0.00000,  0.00000,  0.00000,  0.00000
 0.00000,  0.00000,  0.00000,  0.00000,  0.00000,  0.00000
 0.00000,  0.00000,  0.00000,  0.00000,  0.00000,  0.00000
 0.00000,  0.00000,  0.00000,  0.00000,  0.00000,  0.00000
 0.00000,  0.00000,  0.00000,  0.00000,  0.00000,  0.00000
 0.00000,  0.00000,  0.00000,  0.00000,  0.00000,  0.00000
 0.00000,  0.00000,  0.00000,  0.00000,  0.00000,  0.00000
 0.00000,  0.00000,  0.00000,  0.00000,  0.00000,  0.00000
 0.00000,  0.00000,  0.00000,  0.00000,  0.00000,  0.00000
 0.00000,  0.00000,  0.00000,  0.00000,  0.00000,  0.00000
 0.00000,  0.00000,  0.00000,  0.00000,  0.00000,  0.00000
 0.00000,  0.00000,  0.00000,  0.00000,  0.00000,  0.00000
 0.00000,  0.00000,  0.00000,  0.00000,  0.00000,  0.00000
 0.00000,  0.00000,  0.00000,  0.00000,  0.00000,  0.00000
 0.00000,  0.00000,  0.00000,  0.00000,  0.00000,  0.00000
 0.00000,  0.00000,  0.00000,  0.00000,  0.00000,  0.00000
 0.00000,  0.00000,  0.00000,  0.00000,  0.00000,  0.00000
 0.00000,  0.00000,  0.00000,  0.00000,  0.00000,  0.00000
 0.00000,  0.00000,  0.00000,  0.00000,  0.00000,  0.00000
 0.00000,  0.00000,  0.00000,  0.00000,  0.00000,  0.00000
 0.00000,  0.00000,  0.00000,  0.00000,  0.00000,  0.00000
 0.00000,  0.00000,  0.00000,  0.00000,  0.00000,  0.00000
 0.00000,  0.00000,  0.00000,  0.00000,  0.00000,  0.00000
 0.00000,  0.00000,  0.00000,  0.00000,  0.00000,  0.00000
 0.00000,  0.00000,  0.00000,  0.00000,  0.00000,  0.00000
 0.00000,  0.00000,  0.00000,  0.00000,  0.00000,  0.00000
 0.00000,  0.00000,  0.00000,  0.00000,  0.00000,  0.00000
 0.00017, -0.00035, -0.36899, -0.00087,  0.74371, -0.09436
-0.00099,  0.00211,  2.21399, -0.21770,  0.15088, -0.03112
 0.00033, -0.00070, -0.73798, -0.00174,  0.81778, -0.06297
 0.00066, -0.00141, -1.47595,  0.36800,  0.29625,  0.06266
-0.00017,  0.00035,  0.36899,  0.00087,  0.96771, -0.06282
 0.00083, -0.00176, -1.84491, -0.30156,  1.11444, -0.22031
 0.00033, -0.00070, -0.73798,  0.22115, -0.07509, -0.00010
-0.00017,  0.00035,  0.36899, -0.22205,  0.29799,  0.00005
 0.00033, -0.00070, -0.73798,  0.07256,  0.44574, -0.00010
 0.00000,  0.00000,  0.00000, -0.07430,  0.14881,  0.03143
 0.00116, -0.00246, -2.58289,  0.14251,  0.36963, -0.00037
 0.00083, -0.00176, -1.84491,  0.29283,  0.59354, -0.06313
-0.00017,  0.00035,  0.36899, -0.14774,  0.37239,  0.00005
 0.00000,  0.00000,  0.00000, -0.07430,  0.07441, -0.03143
 0.00000,  0.00000,  0.00000,  0.00000,  0.37201,  0.06287
 0.00000,  0.00000,  0.00000,  0.14860,  0.74402, -0.03143
 0.00000,  0.00000,  0.00000,  0.22290,  0.52084,  0.15717
-0.00066,  0.00141,  1.47595,  0.07777,  0.29903,  0.00021
 0.00017, -0.00035, -0.36899,  0.07343,  0.59494, -0.03149
-0.00083,  0.00176,  1.84491,  0.30151,  0.22495, -0.06261
 0.00017, -0.00035, -0.36899, -0.37238,  0.44609, -0.00005
 0.00050, -0.00106, -1.10699, -0.00261,  0.44540, -0.12589
 0.00000,  0.00000,  0.00000, -0.07430,  0.52084,  0.09430
 0.00017, -0.00035, -0.36899, -0.00087,  0.29729, -0.06292
 0.00000,  0.00000,  0.00000, -0.07430,  0.37201,  0.09430
 0.00000,  0.00000,  0.00000, -0.07430,  0.74402, -0.03143
-0.00033,  0.00070,  0.73798, -0.29549,  0.59598,  0.00010
 0.01507,  0.00350,  2.95251, -0.21895,  0.75003,  0.13242
-0.00066,  0.00141,  1.47595, -0.07083,  0.67108,  0.12595
 0.00017, -0.00035, -0.36899, -0.14947,  0.52054,  0.15712
-0.00033,  0.00070,  0.73798,  0.15032,  1.04242, -0.28282
 0.00615,  0.00950,  2.58276, -0.59451,  0.44250, -0.09070
 0.00050, -0.00106, -1.10699,  0.29457,  0.37100, -0.12589
 0.00017, -0.00035, -0.36899, -0.44670,  0.66931,  0.06282
 0.00000,  0.00000,  0.00000, -0.44580,  0.59525, -0.09430
-0.00033,  0.00070,  0.73798,  0.00174,  0.37274,  0.12584
-0.00017,  0.00035,  0.36899, -0.44495,  0.59561,  0.09435
-0.00017,  0.00035,  0.36899, -0.22205,  0.74445, -0.15713
-0.00050,  0.00106,  1.10699, -0.14600,  0.81955,  0.09446
-0.00033,  0.00070,  0.73798, -0.14687,  0.67041,  0.09441
-0.00066,  0.00141,  1.47595, -0.29375,  0.59668, -0.09409
 0.00066, -0.00141, -1.47595, -0.22638,  0.59387,  0.09409
-0.00017,  0.00035,  0.36899,  0.07516,  0.67004,  0.06292
-0.00017,  0.00035,  0.36899, -0.37064,  0.81885, -0.06282
 0.00000,  0.00000,  0.00000, -0.14860,  0.66962,  0.18861
-0.00033,  0.00070,  0.73798, -0.22118,  0.59598, -0.06276
-0.00083,  0.00176,  1.84491, -0.29286,  0.52258,  0.06313
 0.00099, -0.00211, -2.21399, -0.22812,  0.66760,  0.06255
 0.00017, -0.00035, -0.36899, -0.07517,  0.81815, -0.06292
-0.00017,  0.00035,  0.36899, -0.22205,  0.22357, -0.03138
 0.00033, -0.00070, -0.73798,  0.07256,  0.96664, -0.06297
-0.00017,  0.00035,  0.36899, -0.37064,  0.74445,  0.00005
-0.00033,  0.00070,  0.73798, -0.14687,  0.74478, -0.06276
 0.00033, -0.00070, -0.73798, -0.59616,  0.74335,  0.03133
 0.00033, -0.00070, -0.73798, -0.07604,  0.81778, -0.06297
-0.00066,  0.00141,  1.47595, -0.44235,  0.59668,  0.03164
 0.00017, -0.00035, -0.36899, -0.00087,  0.52054, -0.18866
 0.00050, -0.00106, -1.10699, -0.44843,  0.74304, -0.09446
 0.00050, -0.00106, -1.10699, -0.37411,  0.51984, -0.00016
-0.00017,  0.00035,  0.36899, -0.22205,  0.37239, -0.18856
-0.00033,  0.00070,  0.73798, -0.36978,  0.37274,  0.03154
-0.00050,  0.00106,  1.10699, -0.36890,  0.29866,  0.00016
 0.00066, -0.00141, -1.47595, -0.00347,  0.66827, -0.00021
-0.00033,  0.00070,  0.73798,  0.07603,  0.44714, -0.09420
-0.00017,  0.00035,  0.36899,  0.00087,  0.67004,  0.00005
 0.00017, -0.00035, -0.36899, -0.00087,  0.81815,  0.09425
-0.00017,  0.00035,  0.36899,  0.14945,  0.67004,  0.03149
-0.00017,  0.00035,  0.36899,  0.00087,  0.81885, -0.09425
-0.00033,  0.00070,  0.73798, -0.29549,  0.89362,  0.03154
-0.00050,  0.00106,  1.10699, -0.14600,  0.67072,  0.03159
 0.00017, -0.00035, -0.36899, -0.29808,  0.52054, -0.00005
 0.00017, -0.00035, -0.36899,  0.14773,  0.74371,  0.03138
-0.00033,  0.00070,  0.73798, -0.14687,  0.37274, -0.15707
 0.00017, -0.00035, -0.36899, -0.52100,  0.29729, -0.00005
 0.00050, -0.00106, -1.10699, -0.15121,  0.44540,  0.09414
-0.00033,  0.00070,  0.73798, -0.07257,  0.74478, -0.12563
-0.00050,  0.00106,  1.10699,  0.29979,  0.59631,  0.06302
 0.00033, -0.00070, -0.73798, -0.52185,  0.66898,  0.12563
 0.00000,  0.00000,  0.00000, -0.37149,  0.96725, -0.12573
 0.00000,  0.00000,  0.00000, -0.07430,  0.81845,  0.03143
 0.00000,  0.00000,  0.00000, -0.14860,  0.66962, -0.09430
 0.00033, -0.00070, -0.73798, -0.00174,  0.96664,  0.03133
 0.00033, -0.00070, -0.73798, -0.52185,  0.52017,  0.06276
 0.00033, -0.00070, -0.73798, -0.29893,  0.59457, -0.09441
-0.00033,  0.00070,  0.73798, -0.44409,  0.00069,  0.00010
 0.00017, -0.00035, -0.36899, -0.00087,  0.81815, -0.00005
 0.00033, -0.00070, -0.73798,  0.22115,  0.44574, -0.00010
 0.00066, -0.00141, -1.47595, -0.37497,  0.59387, -0.12595
 0.00033, -0.00070, -0.73798, -0.22464,  0.52017,  0.03133
-0.00050,  0.00106,  1.10699, -0.36890,  0.81955,  0.00016
 0.00033, -0.00070, -0.73798,  0.07256,  0.37134, -0.09441
 0.00050, -0.00106, -1.10699, -0.29982,  0.22219, -0.15733
 0.00050, -0.00106, -1.10699, -0.22551,  0.44540, -0.00016
-0.00017,  0.00035,  0.36899,  0.00087,  0.37239,  0.03149
 0.00017, -0.00035, -0.36899,  0.22202,  0.66931, -0.03149
 0.00000,  0.00000,  0.00000, -0.22290,  0.89282, -0.18861
-0.00017,  0.00035,  0.36899, -0.07344,  0.67004, -0.03138
 0.00099, -0.00211, -2.21399, -0.30241,  0.44438, -0.09462
 0.00000,  0.00000,  0.00000, -0.22290,  0.59525, -0.03143
 0.00033, -0.00070, -0.73798, -0.22464,  0.81778, -0.12585
-0.00033,  0.00070,  0.73798, -0.07257,  0.74478, -0.03133
-0.00033,  0.00070,  0.73798,  0.15032,  1.04242, -0.09420
-0.00066,  0.00141,  1.47595, -0.21944,  0.52225, -0.06266
 0.00033, -0.00070, -0.73798, -0.29893,  0.81778, -0.03154
-0.00017,  0.00035,  0.36899, -0.07344,  0.37239, -0.18856
 0.00033, -0.00070, -0.73798, -0.22464,  0.74335,  0.09420
 0.00000,  0.00000,  0.00000, -0.44580,  0.29762,  0.06287
-0.00033,  0.00070,  0.73798,  0.07603,  0.22392,  0.00010
 0.00050, -0.00106, -1.10699,  0.07169,  0.81744, -0.09446
 0.00050, -0.00106, -1.10699, -0.22551,  0.51984, -0.06303
-0.00083,  0.00176,  1.84491, -0.59006,  0.67142,  0.03170
 0.00083, -0.00176, -1.84491, -0.00434,  0.66794, -0.06313
 0.00033, -0.00070, -0.73798,  0.22115,  0.74335, -0.03154
-0.00017,  0.00035,  0.36899,  0.00087,  0.67004, -0.25143
 0.00033, -0.00070, -0.73798, -0.15034,  0.59457, -0.09441
 0.00066, -0.00141, -1.47595, -0.22638,  0.51950,  0.06266
-0.00017,  0.00035,  0.36899,  0.22375,  0.44681,  0.00005
-0.00033,  0.00070,  0.73798,  0.00174,  0.52155,  0.03154
-0.00017,  0.00035,  0.36899, -0.14774,  0.96771, -0.09425
 0.00050, -0.00106, -1.10699, -0.29982,  0.51984, -0.15733
 0.00099, -0.00211, -2.21399, -0.30241,  0.44438, -0.00031
 0.01495,  0.00859,  5.53809, -0.43703,  0.82346, -0.05854
 0.00000,  0.00000,  0.00000, -0.14860,  0.74402,  0.00000
 0.00017, -0.00035, -0.36899, -0.37238,  0.59494, -0.06292
 0.00050, -0.00106, -1.10699, -0.29982,  0.51984, -0.18877
-0.00050,  0.00106,  1.10699, -0.29460,  0.67072, -0.12558
 0.00033, -0.00070, -0.73798, -0.29893, -0.00069, -0.06297
-0.00050,  0.00106,  1.10699,  0.07690,  0.44748, -0.03128
 0.00033, -0.00070, -0.73798, -0.22464,  0.89218, -0.03154
 0.00017, -0.00035, -0.36899, -0.37238,  0.44609,  0.03138
-0.00066,  0.00141,  1.47595, -0.51663,  0.74548,  0.00021
 0.00050, -0.00106, -1.10699, -0.15121,  0.37100, -0.15733
 0.00000,  0.00000,  0.00000, -0.22290,  0.74402,  0.06287
-0.00033,  0.00070,  0.73798,  0.00174,  0.74478,  0.15727
-0.00083,  0.00176,  1.84491, -0.06996,  0.37376, -0.03117
 0.00017, -0.00035, -0.36899, -0.14947,  0.66931,  0.09425
-0.00017,  0.00035,  0.36899,  0.14945,  0.81885, -0.03138
 0.00050, -0.00106, -1.10699, -0.37411,  0.51984, -0.03159
-0.00083,  0.00176,  1.84491,  0.07864,  0.89462,  0.00026
 0.00938, -0.00146,  2.58313,  0.37241,  0.52747,  0.00187
-0.05345,  0.02218, 23.21387,  0.06592, -1.68878,  0.57376
-0.29033,  0.10826, 106.82422,  0.29625, -10.69043,  2.29651
-0.18199,  0.07197, 71.83984,  0.17500, -6.33154, -2.94458
-0.38087,  0.14008, 136.64063,  0.10362, -14.01123, -8.80615
-0.76019,  0.24944, 257.76563,  0.82004, -28.24414, -4.04932
-0.96909,  0.34485, 379.03125,  1.21027, -34.34570,  8.51074
-1.59662,  0.54184, 627.34375,  2.20178, -56.41797, 22.56250
-1.82867,  0.71637, 818.81250,  2.61951, -59.34766, 23.11426
-1.91321,  0.65933, 939.12500,  2.90686, -57.99219, 20.25977
-2.01550,  0.48375, 1000.62500,  2.65442, -59.99805, 18.36621
-2.06543,  0.42693, 1002.34375,  2.96021, -64.08203, 17.67676
-1.86810,  0.77408, 896.75000,  2.55090, -57.19336, 13.22119
-1.43597,  0.60965, 696.87500,  2.03955, -42.72461,  7.85938
-0.93423,  0.39011, 445.84375,  0.91043, -27.52246,  3.67578
-0.46814,  0.21545, 231.10156,  0.50797, -12.72021,  0.73160
-0.19815,  0.09507, 99.51172, -0.16291, -5.33423, -0.11227
-0.08705,  0.04078, 39.79492, -0.25789, -2.64038, -0.23891
-0.02902,  0.01561, 14.74023, -0.18075, -0.80432,  0.12186
-0.00662,  0.00224,  4.42480,  0.23669, -0.14294,  0.12251
 0.01330,  0.00370,  2.95300, -0.21928,  0.67447,  0.03650
 0.00105,  0.01249, 11.44043, -0.19988,  0.45747,  0.42802
-0.00112,  0.02987, 32.46875,  0.06556,  1.14923,  1.05396
-0.01360,  0.07772, 84.50000,  0.27341,  2.09180,  1.30951
-0.00557,  0.11131, 121.02344,  0.16998,  4.14087,  1.00873
-0.05982,  0.22298, 236.53125,  0.25941,  4.17017,  1.67889
-0.14476,  0.33917, 359.73438,  0.64261,  3.90527,  1.32617
-0.38422,  0.54599, 586.18750,  1.56012,  0.61346,  0.19073
-0.62338,  0.69171, 742.59375,  1.69946, -3.58777, -1.62799
-0.85828,  0.77246, 829.21875,  2.12964, -10.42773, -2.34595
-0.98148,  0.82809, 888.96875,  1.90021, -13.64600, -2.97620
-0.99463,  0.75381, 910.31250,  1.95691, -13.32471, -4.08008
-0.91135,  0.82019, 880.50000,  1.80566, -10.45459, -5.15698
-0.72461,  0.70691, 768.34375,  2.05908, -7.20947, -5.02930
-0.53006,  0.56540, 614.53125,  1.33099, -4.49512, -4.53711
-0.35251,  0.41472, 450.71875,  0.71326, -2.48547, -3.07471
-0.22620,  0.29552, 317.25000,  0.67276, -1.93890, -1.70117
-0.16710,  0.21080, 223.57813,  0.52640, -2.02625, -0.84253
-0.10049,  0.13239, 138.71875,  0.17791, -1.13690, -0.29388
-0.04192,  0.06443, 67.51953,  0.08462, -0.30952, -0.05349
-0.00215,  0.01717, 16.97461, -0.11447,  0.46291,  0.10085
 0.00215, -0.00458, -4.79688, -0.23420,  0.06993,  0.18792
-0.00083,  0.00176,  1.84491, -0.21857,  1.04346,  0.06313
-0.00033,  0.00070,  0.73798, -0.07257,  1.19122, -0.06276
 0.00017, -0.00035, -0.36899, -0.00087,  0.07406,  0.15712
 0.00000,  0.00000,  0.00000, -0.22290,  0.44641,  0.12573
 0.01122,  0.00199,  3.32410,  0.07789,  0.60141, -0.02925
-0.00050,  0.00106,  1.10699,  0.00261,  0.37308,  0.00016
 0.00050, -0.00106, -1.10699, -0.15121,  0.44540,  0.18845
 0.00033, -0.00070, -0.73798, -0.15034,  0.44574,  0.12563
 0.00000,  0.00000,  0.00000, -0.14860,  0.37201, -0.09430
-0.00066,  0.00141,  1.47595, -0.29375,  0.67108, -0.06266
 0.00050, -0.00106, -1.10699, -0.44843,  0.44540, -0.03159
-0.00050,  0.00106,  1.10699, -0.29460,  0.59631,  0.12589
 0.00000,  0.00000,  0.00000, -0.07430,  0.89282, -0.15717
 0.00017, -0.00035, -0.36899, -0.74390,  0.96698, -0.03149
-0.00033,  0.00070,  0.73798, -0.36978,  0.96802, -0.09420
 0.00017, -0.00035, -0.36899, -0.22378,  0.37167, -0.18866
-0.00083,  0.00176,  1.84491, -0.36716,  0.22495, -0.09404
 0.00000,  0.00000,  0.00000,  0.00000,  0.37201,  0.00000
-0.00050,  0.00106,  1.10699, -0.07170,  0.67072,  0.03159
 0.00033, -0.00070, -0.73798, -0.29893,  0.52017,  0.03133
-0.00033,  0.00070,  0.73798, -0.14687,  0.74478,  0.03154
-0.00066,  0.00141,  1.47595, -0.21944,  0.29903, -0.03123
 0.00843,  0.00315,  2.58508, -0.14500,  0.45058, -0.06114
-0.00050,  0.00106,  1.10699, -0.14600,  0.74512,  0.12589
 0.00000,  0.00000,  0.00000, -0.14860,  0.44641,  0.06287
-0.00050,  0.00106,  1.10699, -0.66614,  0.52188,  0.00016
 0.00000,  0.00000,  0.00000, -0.22290,  0.52084, -0.06287
 0.00050, -0.00106, -1.10699,  0.22028,  0.74304, -0.03159
-0.00050,  0.00106,  1.10699,  0.07690,  0.59631,  0.03159
 0.00066, -0.00141, -1.47595, -0.22638,  0.44505, -0.18882
-0.00033,  0.00070,  0.73798, -0.14687,  0.74478, -0.06276
-0.00033,  0.00070,  0.73798,  0.00174,  0.81921, -0.06276
 0.00000,  0.00000,  0.00000,  0.00000,  0.29762, -0.03143
-0.00066,  0.00141,  1.47595, -0.07083,  0.29903, -0.09409
-0.00017,  0.00035,  0.36899, -0.07344,  0.89325, -0.09425
 0.00017, -0.00035, -0.36899, -0.44670,  0.89255, -0.03149
 0.00017, -0.00035, -0.36899, -0.44670,  0.29729, -0.00005
 0.01173,  0.00261,  2.58362, -0.14577,  0.60101, -0.12325
-0.00050,  0.00106,  1.10699, -0.22031,  0.74512, -0.09415
-0.00083,  0.00176,  1.84491, -0.21857,  1.04346,  0.06313
 0.00033, -0.00070, -0.73798, -0.37325,  0.29694,  0.03133
 0.00066, -0.00141, -1.47595, -0.22638,  0.22184,  0.06266
-0.00033,  0.00070,  0.73798, -0.14687,  0.67041,  0.03154
-0.00017,  0.00035,  0.36899,  0.00087,  0.81885,  0.12579
 0.00066, -0.00141, -1.47595, -0.22638,  0.89148, -0.03164
-0.00017,  0.00035,  0.36899, -0.14774,  0.44681, -0.06282
 0.00000,  0.00000,  0.00000, -0.07430,  0.37201,  0.03143
 0.00017, -0.00035, -0.36899, -0.22378,  0.37167, -0.06292
-0.00050,  0.00106,  1.10699, -0.14600,  0.59631, -0.15702
-0.00066,  0.00141,  1.47595,  0.00347,  0.29903, -0.09409
-0.00050,  0.00106,  1.10699, -0.14600,  0.52188,  0.09446
-0.00050,  0.00106,  1.10699, -0.07170,  0.59631,  0.00016
-0.00017,  0.00035,  0.36899,  0.00087,  0.22357,  0.03149
 0.00017, -0.00035, -0.36899, -0.14947,  0.66931,  0.03138
 0.00000,  0.00000,  0.00000, -0.07430,  0.59525, -0.06287
-0.00050,  0.00106,  1.10699, -0.22031,  0.14985, -0.09415
 0.00017, -0.00035, -0.36899, -0.00087,  0.44609, -0.03149
-0.00017,  0.00035,  0.36899, -0.22205,  0.22357,  0.00005
-0.00033,  0.00070,  0.73798, -0.51837,  0.67041, -0.09420
 0.00050, -0.00106, -1.10699, -0.29982,  0.59424, -0.06303
 0.00083, -0.00176, -1.84491, -0.00434,  0.66794,  0.03117
 0.01251,  0.00556,  3.69250, -0.29140,  0.67377,  0.03642
 0.00000,  0.00000,  0.00000, -0.14860,  0.89282,  0.15717
 0.00000,  0.00000,  0.00000,  0.07430,  0.52084, -0.09430
 0.00000,  0.00000,  0.00000,  0.00000,  0.74402, -0.03143
-0.00017,  0.00035,  0.36899, -0.07344,  0.59561,  0.06292
 0.00066, -0.00141, -1.47595, -0.59787,  0.44505,  0.06266
 0.00050, -0.00106, -1.10699, -0.22551,  0.96628, -0.12589
 0.00000,  0.00000,  0.00000, -0.37149,  0.37201, -0.06287
 0.00033, -0.00070, -0.73798, -0.15034,  0.66898, -0.06297
-0.00083,  0.00176,  1.84491, -0.21857,  0.74582,  0.09456
-0.00083,  0.00176,  1.84491,  0.30151,  0.07613,  0.12600
 0.00050, -0.00106, -1.10699, -0.15121,  0.96628,  0.03128
-0.00083,  0.00176,  1.84491,  0.07864,  0.37376,  0.03170
-0.00017,  0.00035,  0.36899, -0.44495,  0.22357,  0.00005
 0.00000,  0.00000,  0.00000, -0.07430,  0.37201, -0.06287
-0.00017,  0.00035,  0.36899, -0.22205,  0.81885,  0.00005
 0.00000,  0.00000,  0.00000, -0.07430,  0.07441,  0.09430
-0.00033,  0.00070,  0.73798, -0.07257,  0.81921,  0.03154
-0.00083,  0.00176,  1.84491, -0.14426,  0.29935,  0.12600
-0.00066,  0.00141,  1.47595, -0.07083,  0.52225, -0.03123
 0.00000,  0.00000,  0.00000, -0.22290,  0.59525,  0.12573
-0.00066,  0.00141,  1.47595, -0.14513,  0.52225,  0.12595
 0.00033, -0.00070, -0.73798,  0.07256,  0.52017,  0.15707
 0.00050, -0.00106, -1.10699, -0.29982,  0.51984,  0.12557
-0.00050,  0.00106,  1.10699,  0.15118,  0.37308, -0.06271
 0.00116, -0.00246, -2.58289, -0.22899,  0.66727, -0.03180
 0.00033, -0.00070, -0.73798, -0.59616,  0.81778, -0.09441
 0.00000,  0.00000,  0.00000, -0.29720,  0.59525, -0.12573
 0.00033, -0.00070, -0.73798, -0.00174,  0.66898, -0.06297
 0.00017, -0.00035, -0.36899,  0.07343,  0.96698, -0.03149
-0.00050,  0.00106,  1.10699, -0.07170,  0.59631, -0.03128
-0.00083,  0.00176,  1.84491, -0.21857,  0.74582,  0.12600
-0.00066,  0.00141,  1.47595,  0.22636,  0.44785, -0.06266
 0.00132, -0.00282, -2.95190, -0.37845,  0.36928, -0.00042
-0.00066,  0.00141,  1.47595, -0.14513,  0.37343,  0.12595
 0.00935,  0.00674,  2.58337, -0.44250,  0.52075,  0.03651
-0.00083,  0.00176,  1.84491, -0.21857,  0.67142,  0.00026
 0.00000,  0.00000,  0.00000, -0.07430,  0.44641,  0.00000
 0.00033, -0.00070, -0.73798, -0.22464,  0.14812,  0.06276
-0.00017,  0.00035,  0.36899, -0.22205,  0.81885,  0.03149
-0.00050,  0.00106,  1.10699, -0.14600,  0.67072, -0.12558
-0.00033,  0.00070,  0.73798, -0.07257,  0.44714,  0.03154
-0.00033,  0.00070,  0.73798, -0.29549,  0.59598,  0.00010
 0.00017, -0.00035, -0.36899, -0.07517,  0.89255, -0.06292
 0.00017, -0.00035, -0.36899, -0.29808,  0.37167,  0.12568
-0.00033,  0.00070,  0.73798, -0.51837,  0.67041, -0.06276
 0.00017, -0.00035, -0.36899,  0.37059,  0.74371, -0.00005
 0.00050, -0.00106, -1.10699, -0.37411,  0.59424, -0.00016
 0.00033, -0.00070, -0.73798, -0.52185,  0.81778, -0.06297
 0.00000,  0.00000,  0.00000,  0.00000,  0.00000,  0.00000
 0.00000,  0.00000,  0.00000,  0.00000,  0.00000,  0.00000
 0.00000,  0.00000,  0.00000,  0.00000,  0.00000,  0.00000
 0.00000,  0.00000,  0.00000,  0.00000,  0.00000,  0.00000
 0.00000,  0.00000,  0.00000,  0.00000,  0.00000,  0.00000
 0.00000,  0.00000,  0.00000,  0.00000,  0.00000,  0.00000
 0.00000,  0.00000,  0.00000,  0.00000,  0.00000,  0.00000
 0.00000,  0.00000,  0.00000,  0.00000,  0.00000,  0.00000
 0.00000,  0.00000,  0.00000,  0.00000,  0.00000,  0.00000
 0.00000,  0.00000,  0.00000,  0.00000,  0.00000,  0.00000
 0.00000,  0.00000,  0.00000,  0.00000,  0.00000,  0.00000
 0.00000,  0.00000,  0.00000,  0.00000,  0.00000,  0.00000
 0.00000,  0.00000,  0.00000,  0.00000,  0.00000,  0.00000
 0.00000,  0.00000,  0.00000,  0.00000,  0.00000,  0.00000
 0.00000,  0.00000,  0.00000,  0.00000,  0.00000,  0.00000
 0.00000,  0.00000,  0.00000,  0.00000,  0.00000,  0.00000
 0.00000,  0.00000,  0.00000,  0.00000,  0.00000,  0.00000
 0.00000,  0.00000,  0.00000,  0.00000,  0.00000,  0.00000
 0.00000,  0.00000,  0.00000,  0.00000,  0.00000,  0.00000
 0.00000,  0.00000,  0.00000,  0.00000,  0.00000,  0.00000
 0.00000,  0.00000,  0.00000,  0.00000,  0.00000,  0.00000
 0.00000,  0.00000,  0.00000,  0.00000,  0.00000,  0.00000
 0.00000,  0.00000,  0.00000,  0.00000,  0.00000,  0.00000
 0.00000,  0.00000,  0.00000,  0.00000,  0.00000,  0.00000
 0.00000,  0.00000,  0.00000,  0.00000,  0.00000,  0.00000
 0.00000,  0.00000,  0.00000,  0.00000,  0.00000,  0.00000
 0.00000,  0.00000,  0.00000,  0.00000,  0.00000,  0.00000
 0.00000,  0.00000,  0.00000,  0.00000,  0.00000,  0.00000
 0.00000,  0.00000,  0.00000,  0.00000,  0.00000,  0.00000
 0.00000,  0.00000,  0.00000,  0.00000,  0.00000,  0.00000
 0.00000,  0.00000,  0.00000,  0.00000,  0.00000,  0.00000
 0.00000,  0.00000,  0.00000,  0.00000,  0.00000,  0.00000
 0.00000,  0.00000,  0.00000,  0.00000,  0.00000,  0.00000
 0.00000,  0.00000,  0.00000,  0.00000,  0.00000,  0.00000
 0.00000,  0.00000,  0.00000,  0.00000,  0.00000,  0.00000
 0.00000,  0.00000,  0.00000,  0.00000,  0.00000,  0.00000
 0.00000,  0.00000,  0.00000,  0.00000,  0.00000,  0.00000
 0.00000,  0.00000,  0.00000,  0.00000,  0.00000,  0.00000
 0.00000,  0.00000,  0.00000,  0.00000,  0.00000,  0.00000
 0.00000,  0.00000,  0.00000,  0.00000,  0.00000,  0.00000
 0.00000,  0.00000,  0.00000,  0.00000,  0.00000,  0.00000
 0.00000,  0.00000,  0.00000,  0.00000,  0.00000,  0.00000
 0.00000,  0.00000,  0.00000,  0.00000,  0.00000,  0.00000
 0.00000,  0.00000,  0.00000,  0.00000,  0.00000,  0.00000
 0.00000,  0.00000,  0.00000,  0.00000,  0.00000,  0.00000
 0.00000,  0.00000,  0.00000,  0.00000,  0.00000,  0.00000
 0.00000,  0.00000,  0.00000,  0.00000,  0.00000,  0.00000
 0.00000,  0.00000,  0.00000,  0.00000,  0.00000,  0.00000
 0.00000,  0.00000,  0.00000,  0.00000,  0.00000,  0.00000
 0.00000,  0.00000,  0.00000,  0.00000,  0.00000,  0.00000
 0.00000,  0.00000,  0.00000,  0.00000,  0.00000,  0.00000
 0.00000,  0.00000,  0.00000,  0.00000,  0.00000,  0.00000
 0.00000,  0.00000,  0.00000,  0.00000,  0.00000,  0.00000
 0.00000,  0.00000,  0.00000,  0.00000,  0.00000,  0.00000
 0.00000,  0.00000,  0.00000,  0.00000,  0.00000,  0.00000
 0.00000,  0.00000,  0.00000,  0.00000,  0.00000,  0.00000
 0.00000,  0.00000,  0.00000,  0.00000,  0.00000,  0.00000
 0.00000,  0.00000,  0.00000,  0.00000,  0.00000,  0.00000
 0.00000,  0.00000,  0.00000,  0.00000,  0.00000,  0.00000
 0.00000,  0.00000,  0.00000,  0.00000,  0.00000,  0.00000
 0.00000,  0.00000,  0.00000,  0.00000,  0.00000,  0.00000
 0.00000,  0.00000,  0.00000,  0.00000,  0.00000,  0.00000
 0.00000,  0.00000,  0.00000,  0.00000,  0.00000,  0.00000
 0.00000,  0.00000,  0.00000,  0.00000,  0.00000,  0.00000
 0.00000,  0.00000,  0.00000,  0.00000,  0.00000,  0.00000
 0.00000,  0.00000,  0.00000,  0.00000,  0.00000,  0.00000
 0.00000,  0.00000,  0.00000,  0.00000,  0.00000,  0.00000
 0.00000,  0.00000,  0.00000,  0.00000,  0.00000,  0.00000
 0.00000,  0.00000,  0.00000,  0.00000,  0.00000,  0.00000
 0.00000,  0.00000,  0.00000,  0.00000,  0.00000,  0.00000
 0.00000,  0.00000,  0.00000,  0.00000,  0.00000,  0.00000
 0.00000,  0.00000,  0.00000,  0.00000,  0.00000,  0.00000
 0.00000,  0.00000,  0.00000,  0.00000,  0.00000,  0.00000
 0.00000,  0.00000,  0.00000,  0.00000,  0.00000,  0.00000
 0.00000,  0.00000,  0.00000,  0.00000,  0.00000,  0.00000
 0.00000,  0.00000,  0.00000,  0.00000,  0.00000,  0.00000
 0.00000,  0.00000,  0.00000,  0.00000,  0.00000,  0.00000
 0.00000,  0.00000,  0.00000,  0.00000,  0.00000,  0.00000
 0.00000,  0.00000,  0.00000,  0.00000,  0.00000,  0.00000
 0.00000,  0.00000,  0.00000,  0.00000,  0.00000,  0.00000
 0.00000,  0.00000,  0.00000,  0.00000,  0.00000,  0.00000
 0.00000,  0.00000,  0.00000,  0.00000,  0.00000,  0.00000
 0.00000,  0.00000,  0.00000,  0.00000,  0.00000,  0.00000
 0.00000,  0.00000,  0.00000,  0.00000,  0.00000,  0.00000
 0.00000,  0.00000,  0.00000,  0.00000,  0.00000,  0.00000
 0.00000,  0.00000,  0.00000,  0.00000,  0.00000,  0.00000
 0.00000,  0.00000,  0.00000,  0.00000,  0.00000,  0.00000
 0.00000,  0.00000,  0.00000,  0.00000,  0.00000,  0.00000
 0.00000,  0.00000,  0.00000,  0.00000,  0.00000,  0.00000
 0.00000,  0.00000,  0.00000,  0.00000,  0.00000,  0.00000
 0.00000,  0.00000,  0.00000,  0.00000,  0.00000,  0.00000
 0.00000,  0.00000,  0.00000,  0.00000,  0.00000,  0.00000
 0.00000,  0.00000,  0.00000,  0.00000,  0.00000,  0.00000
 0.00000,  0.00000,  0.00000,  0.00000,  0.00000,  0.00000
 0.00000,  0.00000,  0.00000,  0.00000,  0.00000,  0.00000
 0.00000,  0.00000,  0.00000,  0.00000,  0.00000,  0.00000
 0.00000,  0.00000,  0.00000,  0.00000,  0.00000,  0.00000
 0.00000,  0.00000,  0.00000,  0.00000,  0.00000,  0.00000
 0.00000,  0.00000,  0.00000,  0.00000,  0.00000,  0.00000
 0.00000,  0.00000,  0.00000,  0.00000,  0.00000,  0.00000
 0.00000,  0.00000,  0.00000,  0.00000,  0.00000,  0.00000
 0.00000,  0.00000,  0.00000,  0.00000,  0.00000,  0.00000
 0.00000,  0.00000,  0.00000,  0.00000,  0.00000,  0.00000
 0.00000,  0.00000,  0.00000,  0.00000,  0.00000,  0.00000
 0.00000,  0.00000,  0.00000,  0.00000,  0.00000,  0.00000
 0.00000,  0.00000,  0.00000,  0.00000,  0.00000,  0.00000
 0.00000,  0.00000,  0.00000,  0.00000,  0.00000,  0.00000
 0.00000,  0.00000,  0.00000,  0.00000,  0.00000,  0.00000
 0.00000,  0.00000,  0.00000,  0.00000,  0.00000,  0.00000
 0.00000,  0.00000,  0.00000,  0.00000,  0.00000,  0.00000
 0.00000,  0.00000,  0.00000,  0.00000,  0.00000,  0.00000
 0.00000,  0.00000,  0.00000,  0.00000,  0.00000,  0.00000
 0.00000,  0.00000,  0.00000,  0.00000,  0.00000,  0.00000
 0.00000,  0.00000,  0.00000,  0.00000,  0.00000,  0.00000
 0.00000,  0.00000,  0.00000,  0.00000,  0.00000,  0.00000
 0.00000,  0.00000,  0.00000,  0.00000,  0.00000,  0.00000
 0.00000,  0.00000,  0.00000,  0.00000,  0.00000,  0.00000
 0.00000,  0.00000,  0.00000,  0.00000,  0.00000,  0.00000
 0.00000,  0.00000,  0.00000,  0.00000,  0.00000,  0.00000
 0.00000,  0.00000,  0.00000,  0.00000,  0.00000,  0.00000
 0.00000,  0.00000,  0.00000,  0.00000,  0.00000,  0.00000
 0.00000,  0.00000,  0.00000,  0.00000,  0.00000,  0.00000
 0.00000,  0.00000,  0.00000,  0.00000,  0.00000,  0.00000
 0.00000,  0.00000,  0.00000,  0.00000,  0.00000,  0.00000
 0.00000,  0.00000,  0.00000,  0.00000,  0.00000,  0.00000
 0.00000,  0.00000,  0.00000,  0.00000,  0.00000,  0.00000
 0.00000,  0.00000,  0.00000,  0.00000,  0.00000,  0.00000
 0.00000,  0.00000,  0.00000,  0.00000,  0.00000,  0.00000
 0.00000,  0.00000,  0.00000,  0.00000,  0.00000,  0.00000
 0.00000,  0.00000,  0.00000,  0.00000,  0.00000,  0.00000
 0.00000,  0.00000,  0.00000,  0.00000,  0.00000,  0.00000
 0.00000,  0.00000,  0.00000,  0.00000,  0.00000,  0.00000
 0.00000,  0.00000,  0.00000,  0.00000,  0.00000,  0.00000
 0.00000,  0.00000,  0.00000,  0.00000,  0.00000,  0.00000
 0.00000,  0.00000,  0.00000,  0.00000,  0.00000,  0.00000
 0.00000,  0.00000,  0.00000,  0.00000,  0.00000,  0.00000
 0.00000,  0.00000,  0.00000,  0.00000,  0.00000,  0.00000
 0.00000,  0.00000,  0.00000,  0.00000,  0.00000,  0.00000
 0.00000,  0.00000,  0.00000,  0.00000,  0.00000,  0.00000
 0.00000,  0.00000,  0.00000,  0.00000,  0.00000,  0.00000
 0.00000,  0.00000,  0.00000,  0.00000,  0.00000,  0.00000
 0.00000,  0.00000,  0.00000,  0.00000,  0.00000,  0.00000
 0.00000,  0.00000,  0.00000,  0.00000,  0.00000,  0.00000
 0.00000,  0.00000,  0.00000,  0.00000,  0.00000,  0.00000
 0.00000,  0.00000,  0.00000,  0.00000,  0.00000,  0.00000
 0.00000,  0.00000,  0.00000,  0.00000,  0.00000,  0.00000
 0.00000,  0.00000,  0.00000,  0.00000,  0.00000,  0.00000
 0.00000,  0.00000,  0.00000,  0.00000,  0.00000,  0.00000
 0.00000,  0.00000,  0.00000,  0.00000,  0.00000,  0.00000
 0.00000,  0.00000,  0.00000,  0.00000,  0.00000,  0.00000
 0.00000,  0.00000,  0.00000,  0.00000,  0.00000,  0.00000
 0.00000,  0.00000,  0.00000,  0.00000,  0.00000,  0.00000
 0.00000,  0.00000,  0.00000,  0.00000,  0.00000,  0.00000
 0.00000,  0.00000,  0.00000,  0.00000,  0.00000,  0.00000
 0.00000,  0.00000,  0.00000,  0.00000,  0.00000,  0.00000
 0.00000,  0.00000,  0.00000,  0.00000,  0.00000,  0.00000
 0.00000,  0.00000,  0.00000,  0.00000,  0.00000,  0.00000
 0.00000,  0.00000,  0.00000,  0.00000,  0.00000,  0.00000
 0.00000,  0.00000,  0.00000,  0.00000,  0.00000,  0.00000
 0.00000,  0.00000,  0.00000,  0.00000,  0.00000,  0.00000
 0.00000,  0.00000,  0.00000,  0.00000,  0.00000,  0.00000
 0.00000,  0.00000,  0.00000,  0.00000,  0.00000,  0.00000
 0.00000,  0.00000,  0.00000,  0.00000,  0.00000,  0.00000
 0.00000,  0.00000,  0.00000,  0.00000,  0.00000,  0.00000
 0.00000,  0.00000,  0.00000,  0.00000,  0.00000,  0.00000
 0.00000,  0.00000,  0.00000,  0.00000,  0.00000,  0.00000
 0.00000,  0.00000,  0.00000,  0.00000,  0.00000,  0.00000
 0.00000,  0.00000,  0.00000,  0.00000,  0.00000,  0.00000
 0.00000,  0.00000,  0.00000,  0.00000,  0.00000,  0.00000
 0.00000,  0.00000,  0.00000,  0.00000,  0.00000,  0.00000
 0.00000,  0.00000,  0.00000,  0.00000,  0.00000,  0.00000
 0.00000,  0.00000,  0.00000,  0.00000,  0.00000,  0.00000
 0.00000,  0.00000,  0.00000,  0.00000,  0.00000,  0.00000
 0.00000,  0.00000,  0.00000,  0.00000,  0.00000,  0.00000
 0.00000,  0.00000,  0.00000,  0.00000,  0.00000,  0.00000
 0.00000,  0.00000,  0.00000,  0.00000,  0.00000,  0.00000
 0.00000,  0.00000,  0.00000,  0.00000,  0.00000,  0.00000
 0.00000,  0.00000,  0.00000,  0.00000,  0.00000,  0.00000
 0.00000,  0.00000,  0.00000,  0.00000,  0.00000,  0.00000
 0.00000,  0.00000,  0.00000,  0.00000,  0.00000,  0.00000
 0.00000,  0.00000,  0.00000,  0.00000,  0.00000,  0.00000
 0.00000,  0.00000,  0.00000,  0.00000,  0.00000,  0.00000
 0.00000,  0.00000,  0.00000,  0.00000,  0.00000,  0.00000
 0.00000,  0.00000,  0.00000,  0.00000,  0.00000,  0.00000
 0.00000,  0.00000,  0.00000,  0.00000,  0.00000,  0.00000
 0.00000,  0.00000,  0.00000,  0.00000,  0.00000,  0.00000
 0.00000,  0.00000,  0.00000,  0.00000,  0.00000,  0.00000
 0.00000,  0.00000,  0.00000,  0.00000,  0.00000,  0.00000
 0.00000,  0.00000,  0.00000,  0.00000,  0.00000,  0.00000
 0.00000,  0.00000,  0.00000,  0.00000,  0.00000,  0.00000
 0.00000,  0.00000,  0.00000,  0.00000,  0.00000,  0.00000
 0.00000,  0.00000,  0.00000,  0.00000,  0.00000,  0.00000
 0.00000,  0.00000,  0.00000,  0.00000,  0.00000,  0.00000
 0.00000,  0.00000,  0.00000,  0.00000,  0.00000,  0.00000
 0.00000,  0.00000,  0.00000,  0.00000,  0.00000,  0.00000
 0.00000,  0.00000,  0.00000,  0.00000,  0.00000,  0.00000
 0.00000,  0.00000,  0.00000,  0.00000,  0.00000,  0.00000
 0.00000,  0.00000,  0.00000,  0.00000,  0.00000,  0.00000
 0.00000,  0.00000,  0.00000,  0.00000,  0.00000,  0.00000
 0.00000,  0.00000,  0.00000,  0.00000,  0.00000,  0.00000
 0.00000,  0.00000,  0.00000,  0.00000,  0.00000,  0.00000
 0.00000,  0.00000,  0.00000,  0.00000,  0.00000,  0.00000
 0.00000,  0.00000,  0.00000,  0.00000,  0.00000,  0.00000
 0.00000,  0.00000,  0.00000,  0.00000,  0.00000,  0.00000
 0.00000,  0.00000,  0.00000,  0.00000,  0.00000,  0.00000
 0.00000,  0.00000,  0.00000,  0.00000,  0.00000,  0.00000
 0.00000,  0.00000,  0.00000,  0.00000,  0.00000,  0.00000
 0.00000,  0.00000,  0.00000,  0.00000,  0.00000,  0.00000
 0.00000,  0.00000,  0.00000,  0.00000,  0.00000,  0.00000
 0.00000,  0.00000,  0.00000,  0.00000,  0.00000,  0.00000
 0.00000,  0.00000,  0.00000,  0.00000,  0.00000,  0.00000
 0.00000,  0.00000,  0.00000,  0.00000,  0.00000,  0.00000
 0.00000,  0.00000,  0.00000,  0.00000,  0.00000,  0.00000
 0.00000,  0.00000,  0.00000,  0.00000,  0.00000,  0.00000
 0.00000,  0.00000,  0.00000,  0.00000,  0.00000,  0.00000
 0.00000,  0.00000,  0.00000,  0.00000,  0.00000,  0.00000
 0.00000,  0.00000,  0.00000,  0.00000,  0.00000,  0.00000
 0.00000,  0.00000,  0.00000,  0.00000,  0.00000,  0.00000
 0.00000,  0.00000,  0.00000,  0.00000,  0.00000,  0.00000
 0.00000,  0.00000,  0.00000,  0.00000,  0.00000,  0.00000
 0.00000,  0.00000,  0.00000,  0.00000,  0.00000,  0.00000
 0.00000,  0.00000,  0.00000,  0.00000,  0.00000,  0.00000
 0.00000,  0.00000,  0.00000,  0.00000,  0.00000,  0.00000
 0.00000,  0.00000,  0.00000,  0.00000,  0.00000,  0.00000
 0.00000,  0.00000,  0.00000,  0.00000,  0.00000,  0.00000
 0.00000,  0.00000,  0.00000,  0.00000,  0.00000,  0.00000
 0.00000,  0.00000,  0.00000,  0.00000,  0.00000,  0.00000
 0.00000,  0.00000,  0.00000,  0.00000,  0.00000,  0.00000
 0.00000,  0.00000,  0.00000,  0.00000,  0.00000,  0.00000
 0.00000,  0.00000,  0.00000,  0.00000,  0.00000,  0.00000
 0.00000,  0.00000,  0.00000,  0.00000,  0.00000,  0.00000
 0.00000,  0.00000,  0.00000,  0.00000,  0.00000,  0.00000
 0.00000,  0.00000,  0.00000,  0.00000,  0.00000,  0.00000
 0.00000,  0.00000,  0.00000,  0.00000,  0.00000,  0.00000
 0.00000,  0.00000,  0.00000,  0.00000,  0.00000,  0.00000
 0.00000,  0.00000,  0.00000,  0.00000,  0.00000,  0.00000
 0.00000,  0.00000,  0.00000,  0.00000,  0.00000,  0.00000
 0.00000,  0.00000,  0.00000,  0.00000,  0.00000,  0.00000
 0.00000,  0.00000,  0.00000,  0.00000,  0.00000,  0.00000
 0.00000,  0.00000,  0.00000,  0.00000,  0.00000,  0.00000
 0.00000,  0.00000,  0.00000,  0.00000,  0.00000,  0.00000
 0.00000,  0.00000,  0.00000,  0.00000,  0.00000,  0.00000
 0.00000,  0.00000,  0.00000,  0.00000,  0.00000,  0.00000
 0.00000,  0.00000,  0.00000,  0.00000,  0.00000,  0.00000
 0.00000,  0.00000,  0.00000,  0.00000,  0.00000,  0.00000
 0.00000,  0.00000,  0.00000,  0.00000,  0.00000,  0.00000
 0.00000,  0.00000,  0.00000,  0.00000,  0.00000,  0.00000
 0.00000,  0.00000,  0.00000,  0.00000,  0.00000,  0.00000
 0.00000,  0.00000,  0.00000,  0.00000,  0.00000,  0.00000
 0.00000,  0.00000,  0.00000,  0.00000,  0.00000,  0.00000
 0.00000,  0.00000,  0.00000,  0.00000,  0.00000,  0.00000
 0.00000,  0.00000,  0.00000,  0.00000,  0.00000,  0.00000
 0.00000,  0.00000,  0.00000,  0.00000,  0.00000,  0.00000
 0.00000,  0.00000,  0.00000,  0.00000,  0.00000,  0.00000
 0.00000,  0.00000,  0.00000,  0.00000,  0.00000,  0.00000
 0.00000,  0.00000,  0.00000,  0.00000,  0.00000,  0.00000
 0.00000,  0.00000,  0.00000,  0.00000,  0.00000,  0.00000
 0.00000,  0.00000,  0.00000,  0.00000,  0.00000,  0.00000
 0.00000,  0.00000,  0.00000,  0.00000,  0.00000,  0.00000
 0.00000,  0.00000,  0.00000,  0.00000,  0.00000,  0.00000
 0.00000,  0.00000,  0.00000,  0.00000,  0.00000,  0.00000
 0.00000,  0.00000,  0.00000,  0.00000,  0.00000,  0.00000
 0.00000,  0.00000,  0.00000,  0.00000,  0.00000,  0.00000
 0.00000,  0.00000,  0.00000,  0.00000,  0.00000,  0.00000
 0.00000,  0.00000,  0.00000,  0.00000,  0.00000,  0.00000
 0.00000,  0.00000,  0.00000,  0.00000,  0.00000,  0.00000
 0.00000,  0.00000,  0.00000,  0.00000,  0.00000,  0.00000
 0.00000,  0.00000,  0.00000,  0.00000,  0.00000,  0.00000
 0.00000,  0.00000,  0.00000,  0.00000,  0.00000,  0.00000
 0.00000,  0.00000,  0.00000,  0.00000,  0.00000,  0.00000
 0.00000,  0.00000,  0.00000,  0.00000,  0.00000,  0.00000
 0.00000,  0.00000,  0.00000,  0.00000,  0.00000,  0.00000
 0.00000,  0.00000,  0.00000,  0.00000,  0.00000,  0.00000
 0.00000,  0.00000,  0.00000,  0.00000,  0.00000,  0.00000
 0.00000,  0.00000,  0.00000,  0.00000,  0.00000,  0.00000
 0.00000,  0.00000,  0.00000,  0.00000,  0.00000,  0.00000
 0.00000,  0.00000,  0.00000,  0.00000,  0.00000,  0.00000
 0.00000,  0.00000,  0.00000,  0.00000,  0.00000,  0.00000
 0.00000,  0.00000,  0.00000,  0.00000,  0.00000,  0.00000
 0.00000,  0.00000,  0.00000,  0.00000,  0.00000,  0.00000
 0.00000,  0.00000,  0.00000,  0.00000,  0.00000,  0.00000
 0.00000,  0.00000,  0.00000,  0.00000,  0.00000,  0.00000
 0.00000,  0.00000,  0.00000,  0.00000,  0.00000,  0.00000
 0.00000,  0.00000,  0.00000,  0.00000,  0.00000,  0.00000
 0.00000,  0.00000,  0.00000,  0.00000,  0.00000,  0.00000
 0.00000,  0.00000,  0.00000,  0.00000,  0.00000,  0.00000
 0.00000,  0.00000,  0.00000,  0.00000,  0.00000,  0.00000
 0.00000,  0.00000,  0.00000,  0.00000,  0.00000,  0.00000
 0.00000,  0.00000,  0.00000,  0.00000,  0.00000,  0.00000
 0.00000,  0.00000,  0.00000,  0.00000,  0.00000,  0.00000
 0.00000,  0.00000,  0.00000,  0.00000,  0.00000,  0.00000
 0.00000,  0.00000,  0.00000,  0.00000,  0.00000,  0.00000
 0.00000,  0.00000,  0.00000,  0.00000,  0.00000,  0.00000
 0.00000,  0.00000,  0.00000,  0.00000,  0.00000,  0.00000
 0.00000,  0.00000,  0.00000,  0.00000,  0.00000,  0.00000
 0.00000,  0.00000,  0.00000,  0.00000,  0.00000,  0.00000
 0.00000,  0.00000,  0.00000,  0.00000,  0.00000,  0.00000
 0.00000,  0.00000,  0.00000,  0.00000,  0.00000,  0.00000
 0.00000,  0.00000,  0.00000,  0.00000,  0.00000,  0.00000
 0.00000,  0.00000,  0.00000,  0.00000,  0.00000,  0.00000
 0.00000,  0.00000,  0.00000,  0.00000,  0.00000,  0.00000
 0.00000,  0.00000,  0.00000,  0.00000,  0.00000,  0.00000
 0.00000,  0.00000,  0.00000,  0.00000,  0.00000,  0.00000
 0.00000,  0.00000,  0.00000,  0.00000,  0.00000,  0.00000
 0.00000,  0.00000,  0.00000,  0.00000,  0.00000,  0.00000
 0.00000,  0.00000,  0.00000,  0.00000,  0.00000,  0.00000
 0.00000,  0.00000,  0.00000,  0.00000,  0.00000,  0.00000
 0.00000,  0.00000,  0.00000,  0.00000,  0.00000,  0.00000
 0.00000,  0.00000,  0.00000,  0.00000,  0.00000,  0.00000
 0.00000,  0.00000,  0.00000,  0.00000,  0.00000,  0.00000
 0.00000,  0.00000,  0.00000,  0.00000,  0.00000,  0.00000
 0.00000,  0.00000,  0.00000,  0.00000,  0.00000,  0.00000
 0.00000,  0.00000,  0.00000,  0.00000,  0.00000,  0.00000
 0.00000,  0.00000,  0.00000,  0.00000,  0.00000,  0.00000
 0.00000,  0.00000,  0.00000,  0.00000,  0.00000,  0.00000
 0.00000,  0.00000,  0.00000,  0.00000,  0.00000,  0.00000
 0.00000,  0.00000,  0.00000,  0.00000,  0.00000,  0.00000
 0.00000,  0.00000,  0.00000,  0.00000,  0.00000,  0.00000
 0.00000,  0.00000,  0.00000,  0.00000,  0.00000,  0.00000
 0.00000,  0.00000,  0.00000,  0.00000,  0.00000,  0.00000
 0.00000,  0.00000,  0.00000,  0.00000,  0.00000,  0.00000
 0.00000,  0.00000,  0.00000,  0.00000,  0.00000,  0.00000
 0.00000,  0.00000,  0.00000,  0.00000,  0.00000,  0.00000
 0.00000,  0.00000,  0.00000,  0.00000,  0.00000,  0.00000
 0.00000,  0.00000,  0.00000,  0.00000,  0.00000,  0.00000
 0.00000,  0.00000,  0.00000,  0.00000,  0.00000,  0.00000
 0.00000,  0.00000,  0.00000,  0.00000,  0.00000,  0.00000
 0.00000,  0.00000,  0.00000,  0.00000,  0.00000,  0.00000
 0.00000,  0.00000,  0.00000,  0.00000,  0.00000,  0.00000
 0.00000,  0.00000,  0.00000,  0.00000,  0.00000,  0.00000
 0.00000,  0.00000,  0.00000,  0.00000,  0.00000,  0.00000
 0.00000,  0.00000,  0.00000,  0.00000,  0.00000,  0.00000
 0.00000,  0.00000,  0.00000,  0.00000,  0.00000,  0.00000
 0.00000,  0.00000,  0.00000,  0.00000,  0.00000,  0.00000
 0.00000,  0.00000,  0.00000,  0.00000,  0.00000,  0.00000
 0.00000,  0.00000,  0.00000,  0.00000,  0.00000,  0.00000
 0.00000,  0.00000,  0.00000,  0.00000,  0.00000,  0.00000
 0.00000,  0.00000,  0.00000,  0.00000,  0.00000,  0.00000
 0.00000,  0.00000,  0.00000,  0.00000,  0.00000,  0.00000
 0.00000,  0.00000,  0.00000,  0.00000,  0.00000,  0.00000
 0.00000,  0.00000,  0.00000,  0.00000,  0.00000,  0.00000
 0.00000,  0.00000,  0.00000,  0.00000,  0.00000,  0.00000
 0.00000,  0.00000,  0.00000,  0.00000,  0.00000,  0.00000
 0.00000,  0.00000,  0.00000,  0.00000,  0.00000,  0.00000
 0.00000,  0.00000,  0.00000,  0.00000,  0.00000,  0.00000
 0.00000,  0.00000,  0.00000,  0.00000,  0.00000,  0.00000
 0.00000,  0.00000,  0.00000,  0.00000,  0.00000,  0.00000
 0.00000,  0.00000,  0.00000,  0.00000,  0.00000,  0.00000
 0.00000,  0.00000,  0.00000,  0.00000,  0.00000,  0.00000
 0.00000,  0.00000,  0.00000,  0.00000,  0.00000,  0.00000
 0.00000,  0.00000,  0.00000,  0.00000,  0.00000,  0.00000
 0.00000,  0.00000,  0.00000,  0.00000,  0.00000,  0.00000
 0.00000,  0.00000,  0.00000,  0.00000,  0.00000,  0.00000
 0.00000,  0.00000,  0.00000,  0.00000,  0.00000,  0.00000
 0.00000,  0.00000,  0.00000,  0.00000,  0.00000,  0.00000
 0.00000,  0.00000,  0.00000,  0.00000,  0.00000,  0.00000
 0.00000,  0.00000,  0.00000,  0.00000,  0.00000,  0.00000
 0.00000,  0.00000,  0.00000,  0.00000,  0.00000,  0.00000
 0.00000,  0.00000,  0.00000,  0.00000,  0.00000,  0.00000
 0.00000,  0.00000,  0.00000,  0.00000,  0.00000,  0.00000
 0.00000,  0.00000,  0.00000,  0.00000,  0.00000,  0.00000
 0.00000,  0.00000,  0.00000,  0.00000,  0.00000,  0.00000
 0.00000,  0.00000,  0.00000,  0.00000,  0.00000,  0.00000
 0.00000,  0.00000,  0.00000,  0.00000,  0.00000,  0.00000
 0.00000,  0.00000,  0.00000,  0.00000,  0.00000,  0.00000
 0.00000,  0.00000,  0.00000,  0.00000,  0.00000,  0.00000
 0.00000,  0.00000,  0.00000,  0.00000,  0.00000,  0.00000
 0.00000,  0.00000,  0.00000,  0.00000,  0.00000,  0.00000
 0.00000,  0.00000,  0.00000,  0.00000,  0.00000,  0.00000
 0.00000,  0.00000,  0.00000,  0.00000,  0.00000,  0.00000
 0.00000,  0.00000,  0.00000,  0.00000,  0.00000,  0.00000
 0.00000,  0.00000,  0.00000,  0.00000,  0.00000,  0.00000
 0.00000,  0.00000,  0.00000,  0.00000,  0.00000,  0.00000
 0.00000,  0.00000,  0.00000,  0.00000,  0.00000,  0.00000
 0.00000,  0.00000,  0.00000,  0.00000,  0.00000,  0.00000
 0.00000,  0.00000,  0.00000,  0.00000,  0.00000,  0.00000
 0.00000,  0.00000,  0.00000,  0.00000,  0.00000,  0.00000
 0.00000,  0.00000,  0.00000,  0.00000,  0.00000,  0.00000
 0.00000,  0.00000,  0.00000,  0.00000,  0.00000,  0.00000
 0.00000,  0.00000,  0.00000,  0.00000,  0.00000,  0.00000
 0.00000,  0.00000,  0.00000,  0.00000,  0.00000,  0.00000
 0.00000,  0.00000,  0.00000,  0.00000,  0.00000,  0.00000
 0.00000,  0.00000,  0.00000,  0.00000,  0.00000,  0.00000
 0.00000,  0.00000,  0.00000,  0.00000,  0.00000,  0.00000
 0.00000,  0.00000,  0.00000,  0.00000,  0.00000,  0.00000
 0.00000,  0.00000,  0.00000,  0.00000,  0.00000,  0.00000
 0.00000,  0.00000,  0.00000,  0.00000,  0.00000,  0.00000
 0.00000,  0.00000,  0.00000,  0.00000,  0.00000,  0.00000
 0.00000,  0.00000,  0.00000,  0.00000,  0.00000,  0.00000
 0.00000,  0.00000,  0.00000,  0.00000,  0.00000,  0.00000
 0.00000,  0.00000,  0.00000,  0.00000,  0.00000,  0.00000
 0.00000,  0.00000,  0.00000,  0.00000,  0.00000,  0.00000
 0.00000,  0.00000,  0.00000,  0.00000,  0.00000,  0.00000
 0.00000,  0.00000,  0.00000,  0.00000,  0.00000,  0.00000
 0.00000,  0.00000,  0.00000,  0.00000,  0.00000,  0.00000
 0.00000,  0.00000,  0.00000,  0.00000,  0.00000,  0.00000
 0.00000,  0.00000,  0.00000,  0.00000,  0.00000,  0.00000
 0.00000,  0.00000,  0.00000,  0.00000,  0.00000,  0.00000
 0.00000,  0.00000,  0.00000,  0.00000,  0.00000,  0.00000
 0.00000,  0.00000,  0.00000,  0.00000,  0.00000,  0.00000
 0.00000,  0.00000,  0.00000,  0.00000,  0.00000,  0.00000
 0.00000,  0.00000,  0.00000,  0.00000,  0.00000,  0.00000
 0.00000,  0.00000,  0.00000,  0.00000,  0.00000,  0.00000
 0.00000,  0.00000,  0.00000,  0.00000,  0.00000,  0.00000
 0.00000,  0.00000,  0.00000,  0.00000,  0.00000,  0.00000
 0.00000,  0.00000,  0.00000,  0.00000,  0.00000,  0.00000
 0.00000,  0.00000,  0.00000,  0.00000,  0.00000,  0.00000
 0.00000,  0.00000,  0.00000,  0.00000,  0.00000,  0.00000
 0.00000,  0.00000,  0.00000,  0.00000,  0.00000,  0.00000
 0.00000,  0.00000,  0.00000,  0.00000,  0.00000,  0.00000
 0.00000,  0.00000,  0.00000,  0.00000,  0.00000,  0.00000
 0.00000,  0.00000,  0.00000,  0.00000,  0.00000,  0.00000
 0.00000,  0.00000,  0.00000,  0.00000,  0.00000,  0.00000
 0.00000,  0.00000,  0.00000,  0.00000,  0.00000,  0.00000
 0.00000,  0.00000,  0.00000,  0.00000,  0.00000,  0.00000
 0.00000,  0.00000,  0.00000,  0.00000,  0.00000,  0.00000
 0.00000,  0.00000,  0.00000,  0.00000,  0.00000,  0.00000
 0.00000,  0.00000,  0.00000,  0.00000,  0.00000,  0.00000
 0.00000,  0.00000,  0.00000,  0.00000,  0.00000,  0.00000
 0.00000,  0.00000,  0.00000,  0.00000,  0.00000,  0.00000
 0.00000,  0.00000,  0.00000,  0.00000,  0.00000,  0.00000
 0.00000,  0.00000,  0.00000,  0.00000,  0.00000,  0.00000
 0.00000,  0.00000,  0.00000,  0.00000,  0.00000,  0.00000
 0.00000,  0.00000,  0.00000,  0.00000,  0.00000,  0.00000
 0.00000,  0.00000,  0.00000,  0.00000,  0.00000,  0.00000
 0.00000,  0.00000,  0.00000,  0.00000,  0.00000,  0.00000
 0.00000,  0.00000,  0.00000,  0.00000,  0.00000,  0.00000
 0.00000,  0.00000,  0.00000,  0.00000,  0.00000,  0.00000
 0.00000,  0.00000,  0.00000,  0.00000,  0.00000,  0.00000
 0.00000,  0.00000,  0.00000,  0.00000,  0.00000,  0.00000
 0.00000,  0.00000,  0.00000,  0.00000,  0.00000,  0.00000
 0.00000,  0.00000,  0.00000,  0.00000,  0.00000,  0.00000
 0.00000,  0.00000,  0.00000,  0.00000,  0.00000,  0.00000
 0.00000,  0.00000,  0.00000,  0.00000,  0.00000,  0.00000
 0.00000,  0.00000,  0.00000,  0.00000,  0.00000,  0.00000
 0.00000,  0.00000,  0.00000,  0.00000,  0.00000,  0.00000
 0.00000,  0.00000,  0.00000,  0.00000,  0.00000,  0.00000
 0.00000,  0.00000,  0.00000,  0.00000,  0.00000,  0.00000
 0.00000,  0.00000,  0.00000,  0.00000,  0.00000,  0.00000
 0.00000,  0.00000,  0.00000,  0.00000,  0.00000,  0.00000
 0.00000,  0.00000,  0.00000,  0.00000,  0.00000,  0.00000
 0.00000,  0.00000,  0.00000,  0.00000,  0.00000,  0.00000
 0.00000,  0.00000,  0.00000,  0.00000,  0.00000,  0.00000
 0.00000,  0.00000,  0.00000,  0.00000,  0.00000,  0.00000
 0.00000,  0.00000,  0.00000,  0.00000,  0.00000,  0.00000
 0.00000,  0.00000,  0.00000,  0.00000,  0.00000,  0.00000
 0.00000,  0.00000,  0.00000,  0.00000,  0.00000,  0.00000
 0.00000,  0.00000,  0.00000,  0.00000,  0.00000,  0.00000
 0.00000,  0.00000,  0.00000,  0.00000,  0.00000,  0.00000
 0.00000,  0.00000,  0.00000,  0.00000,  0.00000,  0.00000
 0.00000,  0.00000,  0.00000,  0.00000,  0.00000,  0.00000
 0.00000,  0.00000,  0.00000,  0.00000,  0.00000,  0.00000
 0.00000,  0.00000,  0.00000,  0.00000,  0.00000,  0.00000
 0.00000,  0.00000,  0.00000,  0.00000,  0.00000,  0.00000
 0.00000,  0.00000,  0.00000,  0.00000,  0.00000,  0.00000
 0.00000,  0.00000,  0.00000,  0.00000,  0.00000,  0.00000
 0.00000,  0.00000,  0.00000,  0.00000,  0.00000,  0.00000
 0.00000,  0.00000,  0.00000,  0.00000,  0.00000,  0.00000
 0.00000,  0.00000,  0.00000,  0.00000,  0.00000,  0.00000
 0.00000,  0.00000,  0.00000,  0.00000,  0.00000,  0.00000
 0.00000,  0.00000,  0.00000,  0.00000,  0.00000,  0.00000
 0.00000,  0.00000,  0.00000,  0.00000,  0.00000,  0.00000
 0.00000,  0.00000,  0.00000,  0.00000,  0.00000,  0.00000
 0.00000,  0.00000,  0.00000,  0.00000,  0.00000,  0.00000
 0.00000,  0.00000,  0.00000,  0.00000,  0.00000,  0.00000
 0.00000,  0.00000,  0.00000,  0.00000,  0.00000,  0.00000
 0.00000,  0.00000,  0.00000,  0.00000,  0.00000,  0.00000
 0.00000,  0.00000,  0.00000,  0.00000,  0.00000,  0.00000
 0.00000,  0.00000,  0.00000,  0.00000,  0.00000,  0.00000
 0.00000,  0.00000,  0.00000,  0.00000,  0.00000,  0.00000
 0.00000,  0.00000,  0.00000,  0.00000,  0.00000,  0.00000
 0.00000,  0.00000,  0.00000,  0.00000,  0.00000,  0.00000
 0.00000,  0.00000,  0.00000,  0.00000,  0.00000,  0.00000
 0.00000,  0.00000,  0.00000,  0.00000,  0.00000,  0.00000
 0.00000,  0.00000,  0.00000,  0.00000,  0.00000,  0.00000
 0.00000,  0.00000,  0.00000,  0.00000,  0.00000,  0.00000
 0.00000,  0.00000,  0.00000,  0.00000,  0.00000,  0.00000
 0.00000,  0.00000,  0.00000,  0.00000,  0.00000,  0.00000
 0.00000,  0.00000,  0.00000,  0.00000,  0.00000,  0.00000
 0.00000,  0.00000,  0.00000,  0.00000,  0.00000,  0.00000
 0.00000,  0.00000,  0.00000,  0.00000,  0.00000,  0.00000
 0.00000,  0.00000,  0.00000,  0.00000,  0.00000,  0.00000
 0.00000,  0.00000,  0.00000,  0.00000,  0.00000,  0.00000
 0.00000,  0.00000,  0.00000,  0.00000,  0.00000,  0.00000
 0.00000,  0.00000,  0.00000,  0.00000,  0.00000,  0.00000
 0.00000,  0.00000,  0.00000,  0.00000,  0.00000,  0.00000
 0.00000,  0.00000,  0.00000,  0.00000,  0.00000,  0.00000
 0.00000,  0.00000,  0.00000,  0.00000,  0.00000,  0.00000
 0.00000,  0.00000,  0.00000,  0.00000,  0.00000,  0.00000
 0.00000,  0.00000,  0.00000,  0.00000,  0.00000,  0.00000
 0.00000,  0.00000,  0.00000,  0.00000,  0.00000,  0.00000
 0.00000,  0.00000,  0.00000,  0.00000,  0.00000,  0.00000
 0.00000,  0.00000,  0.00000,  0.00000,  0.00000,  0.00000
 0.00000,  0.00000,  0.00000,  0.00000,  0.00000,  0.00000
 0.00000,  0.00000,  0.00000,  0.00000,  0.00000,  0.00000
 0.00000,  0.00000,  0.00000,  0.00000,  0.00000,  0.00000
 0.00000,  0.00000,  0.00000,  0.00000,  0.00000,  0.00000
 0.00000,  0.00000,  0.00000,  0.00000,  0.00000,  0.00000
 0.00000,  0.00000,  0.00000,  0.00000,  0.00000,  0.00000
 0.00000,  0.00000,  0.00000,  0.00000,  0.00000,  0.00000
 0.00000,  0.00000,  0.00000,  0.00000,  0.00000,  0.00000
 0.00000,  0.00000,  0.00000,  0.00000,  0.00000,  0.00000
 0.00000,  0.00000,  0.00000,  0.00000,  0.00000,  0.00000
 0.00000,  0.00000,  0.00000,  0.00000,  0.00000,  0.00000
 0.00000,  0.00000,  0.00000,  0.00000,  0.00000,  0.00000
 0.00000,  0.00000,  0.00000,  0.00000,  0.00000,  0.00000
 0.00000,  0.00000,  0.00000,  0.00000,  0.00000,  0.00000
 0.00000,  0.00000,  0.00000,  0.00000,  0.00000,  0.00000
 0.00000,  0.00000,  0.00000,  0.00000,  0.00000,  0.00000
 0.00000,  0.00000,  0.00000,  0.00000,  0.00000,  0.00000
 0.00000,  0.00000,  0.00000,  0.00000,  0.00000,  0.00000
 0.00000,  0.00000,  0.00000,  0.00000,  0.00000,  0.00000
 0.00000,  0.00000,  0.00000,  0.00000,  0.00000,  0.00000
 0.00000,  0.00000,  0.00000,  0.00000,  0.00000,  0.00000
 0.00000,  0.00000,  0.00000,  0.00000,  0.00000,  0.00000
 0.00000,  0.00000,  0.00000,  0.00000,  0.00000,  0.00000
 0.00000,  0.00000,  0.00000,  0.00000,  0.00000,  0.00000
 0.00000,  0.00000,  0.00000,  0.00000,  0.00000,  0.00000
 0.00000,  0.00000,  0.00000,  0.00000,  0.00000,  0.00000
 0.00000,  0.00000,  0.00000,  0.00000,  0.00000,  0.00000
 0.00000,  0.00000,  0.00000,  0.00000,  0.00000,  0.00000
 0.00000,  0.00000,  0.00000,  0.00000,  0.00000,  0.00000
 0.00000,  0.00000,  0.00000,  0.00000,  0.00000,  0.00000
 0.00000,  0.00000,  0.00000,  0.00000,  0.00000,  0.00000
 0.00000,  0.00000,  0.00000,  0.00000,  0.00000,  0.00000
 0.00000,  0.00000,  0.00000,  0.00000,  0.00000,  0.00000
 0.00000,  0.00000,  0.00000,  0.00000,  0.00000,  0.00000
 0.00000,  0.00000,  0.00000,  0.00000,  0.00000,  0.00000
 0.00000,  0.00000,  0.00000,  0.00000,  0.00000,  0.00000
 0.00000,  0.00000,  0.00000,  0.00000,  0.00000,  0.00000
 0.00000,  0.00000,  0.00000,  0.00000,  0.00000,  0.00000
 0.00000,  0.00000,  0.00000,  0.00000,  0.00000,  0.00000
 0.00000,  0.00000,  0.00000,  0.00000,  0.00000,  0.00000
 0.00000,  0.00000,  0.00000,  0.00000,  0.00000,  0.00000
 0.00000,  0.00000,  0.00000,  0.00000,  0.00000,  0.00000
 0.00000,  0.00000,  0.00000,  0.00000,  0.00000,  0.00000
 0.00000,  0.00000,  0.00000,  0.00000,  0.00000,  0.00000
 0.00000,  0.00000,  0.00000,  0.00000,  0.00000,  0.00000
 0.00000,  0.00000,  0.00000,  0.00000,  0.00000,  0.00000
 0.00000,  0.00000,  0.00000,  0.00000,  0.00000,  0.00000
 0.00000,  0.00000,  0.00000,  0.00000,  0.00000,  0.00000
 0.00000,  0.00000,  0.00000,  0.00000,  0.00000,  0.00000
 0.00000,  0.00000,  0.00000,  0.00000,  0.00000,  0.00000
 0.00000,  0.00000,  0.00000,  0.00000,  0.00000,  0.00000
 0.00000,  0.00000,  0.00000,  0.00000,  0.00000,  0.00000
 0.00000,  0.00000,  0.00000,  0.00000,  0.00000,  0.00000
 0.00000,  0.00000,  0.00000,  0.00000,  0.00000,  0.00000
 0.00000,  0.00000,  0.00000,  0.00000,  0.00000,  0.00000
 0.00000,  0.00000,  0.00000,  0.00000,  0.00000,  0.00000
 0.00000,  0.00000,  0.00000,  0.00000,  0.00000,  0.00000
 0.00000,  0.00000,  0.00000,  0.00000,  0.00000,  0.00000
 0.00000,  0.00000,  0.00000,  0.00000,  0.00000,  0.00000
 0.00000,  0.00000,  0.00000,  0.00000,  0.00000,  0.00000
 0.00000,  0.00000,  0.00000,  0.00000,  0.00000,  0.00000
 0.00000,  0.00000,  0.00000,  0.00000,  0.00000,  0.00000
 0.00000,  0.00000,  0.00000,  0.00000,  0.00000,  0.00000
 0.00000,  0.00000,  0.00000,  0.00000,  0.00000,  0.00000
 0.00000,  0.00000,  0.00000,  0.00000,  0.00000,  0.00000
 0.00000,  0.00000,  0.00000,  0.00000,  0.00000,  0.00000
 0.00000,  0.00000,  0.00000,  0.00000,  0.00000,  0.00000
 0.00000,  0.00000,  0.00000,  0.00000,  0.00000,  0.00000
 0.00000,  0.00000,  0.00000,  0.00000,  0.00000,  0.00000
 0.00000,  0.00000,  0.00000,  0.00000,  0.00000,  0.00000
 0.00000,  0.00000,  0.00000,  0.00000,  0.00000,  0.00000
 0.00000,  0.00000,  0.00000,  0.00000,  0.00000,  0.00000
 0.00000,  0.00000,  0.00000,  0.00000,  0.00000,  0.00000
 0.00000,  0.00000,  0.00000,  0.00000,  0.00000,  0.00000
 0.00000,  0.00000,  0.00000,  0.00000,  0.00000,  0.00000
 0.00000,  0.00000,  0.00000,  0.00000,  0.00000,  0.00000
 0.00000,  0.00000,  0.00000,  0.00000,  0.00000,  0.00000
 0.00000,  0.00000,  0.00000,  0.00000,  0.00000,  0.00000
 0.00000,  0.00000,  0.00000,  0.00000,  0.00000,  0.00000
 0.00000,  0.00000,  0.00000,  0.00000,  0.00000,  0.00000
 0.00000,  0.00000,  0.00000,  0.00000,  0.00000,  0.00000
 0.00000,  0.00000,  0.00000,  0.00000,  0.00000,  0.00000
 0.00000,  0.00000,  0.00000,  0.00000,  0.00000,  0.00000
 0.00000,  0.00000,  0.00000,  0.00000,  0.00000,  0.00000
 0.00000,  0.00000,  0.00000,  0.00000,  0.00000,  0.00000
 0.00000,  0.00000,  0.00000,  0.00000,  0.00000,  0.00000
 0.00000,  0.00000,  0.00000,  0.00000,  0.00000,  0.00000
 0.00000,  0.00000,  0.00000,  0.00000,  0.00000,  0.00000
 0.00000,  0.00000,  0.00000,  0.00000,  0.00000,  0.00000
 0.00000,  0.00000,  0.00000,  0.00000,  0.00000,  0.00000
 0.00000,  0.00000,  0.00000,  0.00000,  0.00000,  0.00000
 0.00000,  0.00000,  0.00000,  0.00000,  0.00000,  0.00000
 0.00000,  0.00000,  0.00000,  0.00000,  0.00000,  0.00000
 0.00000,  0.00000,  0.00000,  0.00000,  0.00000,  0.00000
 0.00000,  0.00000,  0.00000,  0.00000,  0.00000,  0.00000
 0.00000,  0.00000,  0.00000,  0.00000,  0.00000,  0.00000
 0.00000,  0.00000,  0.00000,  0.00000,  0.00000,  0.00000
 0.00000,  0.00000,  0.00000,  0.00000,  0.00000,  0.00000
 0.00000,  0.00000,  0.00000,  0.00000,  0.00000,  0.00000
 0.00000,  0.00000,  0.00000,  0.00000,  0.00000,  0.00000
 0.00000,  0.00000,  0.00000,  0.00000,  0.00000,  0.00000
 0.00000,  0.00000,  0.00000,  0.00000,  0.00000,  0.00000
 0.00000,  0.00000,  0.00000,  0.00000,  0.00000,  0.00000
 0.00000,  0.00000,  0.00000,  0.00000,  0.00000,  0.00000
 0.00000,  0.00000,  0.00000,  0.00000,  0.00000,  0.00000
 0.00000,  0.00000,  0.00000,  0.00000,  0.00000,  0.00000
 0.00000,  0.00000,  0.00000,  0.00000,  0.00000,  0.00000
 0.00000,  0.00000,  0.00000,  0.00000,  0.00000,  0.00000
 0.00000,  0.00000,  0.00000,  0.00000,  0.00000,  0.00000
 0.00000,  0.00000,  0.00000,  0.00000,  0.00000,  0.00000
 0.00000,  0.00000,  0.00000,  0.00000,  0.00000,  0.00000
 0.00000,  0.00000,  0.00000,  0.00000,  0.00000,  0.00000
 0.00000,  0.00000,  0.00000,  0.00000,  0.00000,  0.00000
 0.00000,  0.00000,  0.00000,  0.00000,  0.00000,  0.00000
 0.00000,  0.00000,  0.00000,  0.00000,  0.00000,  0.00000
 0.00000,  0.00000,  0.00000,  0.00000,  0.00000,  0.00000
 0.00000,  0.00000,  0.00000,  0.00000,  0.00000,  0.00000
 0.00000,  0.00000,  0.00000,  0.00000,  0.00000,  0.00000
 0.00000,  0.00000,  0.00000,  0.00000,  0.00000,  0.00000
 0.00000,  0.00000,  0.00000,  0.00000,  0.00000,  0.00000
 0.00000,  0.00000,  0.00000,  0.00000,  0.00000,  0.00000
 0.00000,  0.00000,  0.00000,  0.00000,  0.00000,  0.00000
 0.00000,  0.00000,  0.00000,  0.00000,  0.00000,  0.00000
